1705418638822 1705418639867 9787
1705418639861 1705418639875 -1
1705418638930 1705418639942 9789
1705418639047 1705418640059 9791
1705418639164 1705418640174 9794
1705418639279 1705418640289 9796
1705418639395 1705418640406 9799
1705418639512 1705418640522 9801
1705418639628 1705418640638 9803
1705418639744 1705418640753 9805
1705418640793 1705418640801 -1
1705418639978 1705418640990 9810
1705418640094 1705418641105 9812
1705418640210 1705418641222 9815
1705418640327 1705418641339 9817
1705418640444 1705418641453 9819
1705418640560 1705418641573 9822
1705418640676 1705418641685 9824
1705418640909 1705418641919 9829
1705418641025 1705418642035 9831
1705418641142 1705418642163 9834
1705418641258 1705418642270 9837
1705418641375 1705418642387 9838
1705418641492 1705418642501 9840
1705418641607 1705418642617 9843
1705418641724 1705418642734 9845
1705418641841 1705418642849 9847
1705418641956 1705418642965 9850
1705418643004 1705418643011 -1
1705418642073 1705418643084 9852
1705418642189 1705418643198 9854
1705418642305 1705418643318 9857
1705418642422 1705418643434 9859
1705418642538 1705418643547 9862
1705418642655 1705418643666 9865
1705418643702 1705418643709 -1
1705418642771 1705418643779 9867
1705418642887 1705418643900 9869
1705418643935 1705418643944 -1
1705418643120 1705418644128 9873
1705418643236 1705418644245 9875
1705418644285 1705418644292 -1
1705418643353 1705418644361 9878
1705418643469 1705418644477 9880
1705418643585 1705418644595 9882
1705418643818 1705418644828 9887
1705418644052 1705418645063 9892
1705418644168 1705418645178 9894
1705418644402 1705418645413 9899
1705418644517 1705418645526 9901
1705418644634 1705418645642 9903
1705418644750 1705418645758 9905
1705418644867 1705418645878 9905
1705418644983 1705418645992 9908
1705418645099 1705418646124 9911
1705418646146 1705418646154 -1
1705418645216 1705418646235 9913
1705418646263 1705418646269 -1
1705418645332 1705418646343 9915
1705418645449 1705418646457 9917
1705418645565 1705418646573 9920
1705418645681 1705418646691 9922
1705418645797 1705418646807 9925
1705418645914 1705418646922 9927
1705418646030 1705418647038 9929
1705418646379 1705418647390 9936
1705418646496 1705418647506 9938
1705418646612 1705418647621 9941
1705418646728 1705418647737 9943
1705418646845 1705418647856 9945
1705418646961 1705418647969 9948
1705418647077 1705418648085 9950
1705418647194 1705418648203 9952
1705418647310 1705418648318 9955
1705418647426 1705418648435 9957
1705418647543 1705418648551 9959
1705418647659 1705418648674 9962
1705418647777 1705418648787 9964
1705418647892 1705418648900 9966
1705418648009 1705418649019 9969
1705418648126 1705418649133 9971
1705418648242 1705418649251 9973
1705418648359 1705418649369 9976
1705418648475 1705418649483 9978
1705418648591 1705418649600 9980
1705418648708 1705418649716 9983
1705418648824 1705418649836 9985
1705418648940 1705418649956 9987
1705418649057 1705418650066 9990
1705418649173 1705418650181 9992
1705418649290 1705418650300 9995
1705418649406 1705418650413 9997
1705418650453 1705418650459 -1
1705418649523 1705418650530 9999
1705418649639 1705418650648 10001
1705418649755 1705418650764 10004
1705418649871 1705418650882 10006
1705418649987 1705418650995 10008
1705418650104 1705418651111 10011
1705418650221 1705418651233 10014
1705418650338 1705418651363 10016
1705418651500 1705418651506 -1
1705418650569 1705418651578 10020
1705418651617 1705418651626 -1
1705418650686 1705418651697 10022
1705418650803 1705418651811 10025
1705418650918 1705418651930 10027
1705418651035 1705418652044 10029
1705418652083 1705418652090 -1
1705418651151 1705418652161 10032
1705418651267 1705418652279 10034
1705418651384 1705418652396 10037
1705418651733 1705418652743 10043
1705418651849 1705418652857 10045
1705418651967 1705418652975 10048
1705418653130 1705418653137 -1
1705418652200 1705418653209 10053
1705418652316 1705418653325 10055
1705418652432 1705418653441 10057
1705418652548 1705418653557 10060
1705418652665 1705418653673 10062
1705418652781 1705418653790 10064
1705418652898 1705418653909 10066
1705418653015 1705418654027 10069
1705418653247 1705418654258 10074
1705418653363 1705418654372 10076
1705418653479 1705418654489 10078
1705418653596 1705418654606 10080
1705418653713 1705418654721 10083
1705418653828 1705418654836 10085
1705418653945 1705418654955 10087
1705418654061 1705418655068 10090
1705418654178 1705418655187 10092
1705418654295 1705418655307 10095
1705418654411 1705418655422 10097
1705418654528 1705418655535 10099
1705418654644 1705418655655 10101
1705418655691 1705418655699 -1
1705418654760 1705418655769 10104
1705418654876 1705418655886 10106
1705418654992 1705418656001 10108
1705418655108 1705418656116 10111
1705418655226 1705418656234 10113
1705418655341 1705418656348 10115
1705418655458 1705418656469 10118
1705418655574 1705418656586 10120
1705418655807 1705418656815 10125
1705418655924 1705418656933 10127
1705418656040 1705418657059 10129
1705418656157 1705418657166 10132
1705418657204 1705418657229 -1
1705418656273 1705418657282 10134
1705418656389 1705418657402 10136
1705418656506 1705418657515 10139
1705418656623 1705418657631 10141
1705418656739 1705418657748 10143
1705418656856 1705418657863 10146
1705418656972 1705418657984 10148
1705418657088 1705418658116 10151
1705418657320 1705418658328 10155
1705418657437 1705418658447 10157
1705418657553 1705418658564 10160
1705418657669 1705418658677 10162
1705418657786 1705418658797 10164
1705418657902 1705418658911 10167
1705418658020 1705418659029 10169
1705418658135 1705418659145 10171
1705418658252 1705418659262 10174
1705418658368 1705418659379 10176
1705418658484 1705418659494 10178
1705418658600 1705418659611 10181
1705418658718 1705418659728 10183
1705418639055 1705418639066 -1
1705418638829 1705418639869 9788
1705418639870 1705418639888 -1
1705418638938 1705418639964 9790
1705418639172 1705418640184 9794
1705418639288 1705418640298 9796
1705418639406 1705418640418 9799
1705418639521 1705418640532 9801
1705418639637 1705418640651 9803
1705418639754 1705418640765 9806
1705418640801 1705418640809 -1
1705418639986 1705418640998 9810
1705418640103 1705418641117 9813
1705418640219 1705418641237 9815
1705418641267 1705418641278 -1
1705418640336 1705418641352 9817
1705418640452 1705418641465 9820
1705418640569 1705418641587 9823
1705418640686 1705418641698 9825
1705418640917 1705418641927 9829
1705418641035 1705418642047 9831
1705418641150 1705418642193 9834
1705418641383 1705418642395 9838
1705418641499 1705418642513 9841
1705418641616 1705418642625 9843
1705418641733 1705418642742 9845
1705418641849 1705418642859 9848
1705418641965 1705418642975 9850
1705418643013 1705418643020 -1
1705418642081 1705418643095 9852
1705418642198 1705418643209 9854
1705418642314 1705418643323 9857
1705418642431 1705418643455 9860
1705418642548 1705418643557 9862
1705418642664 1705418643674 9865
1705418642781 1705418643792 9867
1705418642898 1705418643907 9869
1705418643944 1705418643961 -1
1705418643129 1705418644138 9873
1705418643246 1705418644257 9875
1705418644293 1705418644299 -1
1705418643363 1705418644373 9878
1705418643479 1705418644495 9880
1705418643595 1705418644608 9882
1705418643711 1705418644721 9885
1705418643828 1705418644838 9888
1705418644060 1705418645071 9892
1705418644177 1705418645190 9894
1705418644409 1705418645418 9899
1705418644527 1705418645538 9901
1705418644643 1705418645651 9903
1705418644758 1705418645767 9905
1705418644875 1705418645885 9905
1705418644991 1705418646010 9909
1705418645107 1705418646138 9911
1705418645225 1705418646253 9913
1705418646271 1705418646289 -1
1705418645341 1705418646354 9915
1705418645456 1705418646465 9918
1705418645574 1705418646585 9920
1705418645689 1705418646698 9922
1705418645806 1705418646821 9925
1705418645922 1705418646934 9927
1705418646039 1705418647053 9929
1705418646155 1705418647168 9932
1705418646388 1705418647405 9938
1705418646505 1705418647518 9939
1705418646621 1705418647638 9941
1705418646737 1705418647749 9943
1705418646854 1705418647868 9946
1705418646970 1705418647981 9948
1705418647088 1705418648100 9950
1705418647203 1705418648216 9953
1705418647319 1705418648333 9955
1705418647437 1705418648450 9957
1705418647553 1705418648566 9960
1705418647668 1705418648729 9963
1705418647785 1705418648800 9964
1705418647902 1705418648912 9967
1705418648019 1705418649032 9969
1705418648134 1705418649145 9972
1705418648250 1705418649259 9974
1705418648367 1705418649377 9976
1705418648483 1705418649493 9978
1705418648599 1705418649608 9980
1705418648716 1705418649727 9983
1705418648832 1705418649845 9985
1705418648949 1705418649963 9988
1705418649066 1705418650078 9990
1705418649181 1705418650197 9993
1705418649298 1705418650312 9995
1705418649414 1705418650426 9997
1705418650461 1705418650468 -1
1705418649531 1705418650543 9999
1705418649647 1705418650661 10002
1705418649763 1705418650772 10004
1705418649879 1705418650890 10006
1705418649996 1705418651007 10008
1705418650112 1705418651121 10011
1705418650228 1705418651243 10014
1705418650346 1705418651367 10016
1705418650579 1705418651591 10020
1705418651626 1705418651650 -1
1705418650696 1705418651711 10023
1705418651742 1705418651756 -1
1705418650811 1705418651824 10025
1705418650929 1705418651942 10027
1705418651044 1705418652055 10029
1705418652091 1705418652098 -1
1705418651160 1705418652168 10032
1705418651277 1705418652287 10035
1705418651393 1705418652411 10037
1705418651509 1705418652520 10039
1705418651859 1705418652872 10046
1705418651975 1705418652987 10048
1705418653139 1705418653145 -1
1705418652208 1705418653219 10053
1705418652324 1705418653334 10056
1705418652440 1705418653452 10057
1705418652557 1705418653568 10060
1705418652673 1705418653682 10062
1705418652790 1705418653800 10064
1705418652906 1705418653917 10067
1705418653022 1705418654040 10069
1705418653255 1705418654268 10074
1705418653371 1705418654382 10076
1705418653488 1705418654501 10078
1705418653605 1705418654614 10081
1705418653721 1705418654729 10083
1705418653837 1705418654851 10085
1705418653954 1705418654967 10088
1705418654069 1705418655078 10090
1705418654186 1705418655198 10092
1705418654302 1705418655313 10095
1705418654419 1705418655427 10097
1705418654536 1705418655551 10099
1705418654653 1705418655661 10102
1705418655700 1705418655712 -1
1705418654769 1705418655782 10104
1705418654885 1705418655898 10106
1705418655001 1705418656011 10109
1705418655118 1705418656127 10111
1705418655234 1705418656248 10113
1705418655350 1705418656358 10115
1705418655468 1705418656477 10118
1705418655583 1705418656612 10121
1705418655816 1705418656828 10125
1705418655933 1705418656944 10127
1705418656050 1705418657060 10129
1705418656165 1705418657175 10132
1705418657213 1705418657244 -1
1705418656281 1705418657292 10134
1705418656398 1705418657414 10137
1705418656514 1705418657523 10139
1705418656631 1705418657639 10141
1705418656747 1705418657756 10143
1705418656863 1705418657874 10146
1705418656980 1705418658000 10148
1705418657096 1705418658128 10151
1705418657329 1705418658339 10155
1705418657446 1705418658462 10158
1705418657561 1705418658579 10160
1705418657678 1705418658694 10162
1705418657794 1705418658804 10164
1705418657910 1705418658926 10167
1705418658027 1705418659040 10169
1705418658143 1705418659160 10172
1705418658260 1705418659271 10174
1705418658376 1705418659387 10176
1705418658492 1705418659503 10178
1705418658610 1705418659622 10181
1705418658725 1705418659747 10183
1705418639055 1705418639068 -1
1705418638828 1705418639874 9788
1705418639870 1705418639890 -1
1705418638938 1705418639959 9789
1705418639171 1705418640181 9794
1705418639289 1705418640300 9796
1705418639404 1705418640413 9799
1705418639521 1705418640530 9801
1705418639638 1705418640648 9803
1705418639753 1705418640764 9806
1705418640801 1705418640807 -1
1705418639988 1705418641001 9810
1705418640104 1705418641115 9813
1705418640220 1705418641233 9815
1705418641267 1705418641280 -1
1705418640337 1705418641355 9817
1705418640452 1705418641465 9820
1705418640569 1705418641591 9823
1705418640685 1705418641700 9825
1705418640918 1705418641928 9829
1705418641034 1705418642049 9831
1705418641151 1705418642196 9834
1705418641383 1705418642396 9838
1705418641500 1705418642515 9841
1705418641616 1705418642628 9843
1705418641733 1705418642745 9845
1705418641849 1705418642862 9848
1705418641966 1705418642976 9850
1705418643012 1705418643017 -1
1705418642081 1705418643093 9852
1705418642198 1705418643211 9855
1705418642315 1705418643325 9857
1705418642431 1705418643459 9860
1705418642547 1705418643558 9862
1705418642663 1705418643673 9865
1705418642780 1705418643788 9867
1705418642896 1705418643905 9869
1705418643944 1705418643958 -1
1705418643130 1705418644140 9873
1705418643246 1705418644254 9875
1705418644293 1705418644302 -1
1705418643362 1705418644372 9878
1705418643479 1705418644492 9880
1705418643596 1705418644609 9882
1705418643711 1705418644722 9885
1705418643828 1705418644839 9888
1705418644061 1705418645073 9892
1705418644177 1705418645188 9894
1705418644411 1705418645421 9899
1705418644526 1705418645537 9901
1705418644642 1705418645654 9903
1705418644759 1705418645770 9905
1705418644875 1705418645885 9905
1705418644991 1705418646002 9909
1705418645108 1705418646143 9911
1705418645225 1705418646249 9913
1705418646271 1705418646287 -1
1705418645340 1705418646350 9915
1705418645457 1705418646470 9918
1705418645573 1705418646583 9920
1705418645691 1705418646701 9922
1705418645806 1705418646818 9925
1705418645922 1705418646937 9927
1705418646039 1705418647049 9929
1705418646155 1705418647171 9932
1705418646388 1705418647401 9936
1705418646504 1705418647514 9939
1705418646620 1705418647635 9941
1705418646738 1705418647748 9943
1705418646854 1705418647871 9946
1705418646970 1705418647978 9948
1705418647086 1705418648098 9950
1705418647202 1705418648212 9953
1705418647320 1705418648331 9955
1705418647435 1705418648445 9957
1705418647551 1705418648564 9960
1705418647669 1705418648707 9962
1705418647785 1705418648801 9964
1705418647901 1705418648911 9967
1705418648949 1705418648973 -1
1705418648018 1705418649029 9969
1705418648134 1705418649143 9972
1705418648252 1705418649261 9974
1705418648367 1705418649376 9976
1705418648483 1705418649494 9978
1705418648601 1705418649612 9981
1705418648716 1705418649724 9983
1705418648832 1705418649849 9985
1705418649065 1705418650077 9990
1705418649181 1705418650194 9993
1705418649298 1705418650309 9995
1705418649414 1705418650426 9997
1705418650461 1705418650467 -1
1705418649531 1705418650544 9999
1705418649647 1705418650663 10002
1705418649764 1705418650774 10004
1705418649880 1705418650893 10006
1705418649996 1705418651006 10008
1705418650112 1705418651123 10011
1705418650229 1705418651246 10014
1705418650345 1705418651374 10016
1705418650579 1705418651589 10020
1705418651626 1705418651647 -1
1705418650694 1705418651704 10022
1705418650811 1705418651827 10025
1705418650927 1705418651940 10027
1705418651043 1705418652053 10029
1705418652090 1705418652097 -1
1705418651161 1705418652172 10032
1705418651276 1705418652286 10035
1705418651393 1705418652409 10037
1705418651509 1705418652519 10039
1705418651741 1705418652756 10045
1705418651858 1705418652868 10046
1705418651975 1705418652983 10048
1705418653139 1705418653146 -1
1705418652208 1705418653221 10053
1705418652325 1705418653337 10056
1705418652441 1705418653454 10058
1705418652557 1705418653566 10060
1705418652674 1705418653684 10062
1705418652791 1705418653802 10064
1705418652907 1705418653915 10067
1705418653022 1705418654036 10069
1705418653255 1705418654264 10074
1705418653371 1705418654383 10076
1705418653488 1705418654503 10078
1705418653604 1705418654615 10081
1705418653721 1705418654731 10083
1705418653837 1705418654848 10085
1705418653953 1705418654966 10088
1705418654070 1705418655080 10090
1705418654186 1705418655195 10092
1705418654303 1705418655315 10095
1705418654419 1705418655430 10097
1705418654535 1705418655545 10099
1705418654651 1705418655660 10102
1705418655699 1705418655709 -1
1705418654768 1705418655778 10104
1705418654884 1705418655894 10106
1705418655001 1705418656010 10109
1705418655118 1705418656125 10111
1705418655233 1705418656243 10113
1705418655350 1705418656358 10115
1705418655466 1705418656474 10118
1705418655582 1705418656595 10120
1705418655815 1705418656823 10125
1705418655932 1705418656941 10127
1705418656049 1705418657059 10129
1705418656164 1705418657172 10132
1705418656281 1705418657294 10134
1705418656397 1705418657411 10137
1705418656515 1705418657525 10139
1705418656631 1705418657642 10141
1705418656748 1705418657761 10144
1705418656863 1705418657873 10146
1705418656981 1705418658013 10149
1705418657097 1705418658138 10151
1705418657213 1705418658251 10153
1705418657329 1705418658344 10155
1705418657445 1705418658459 10158
1705418658493 1705418658509 -1
1705418657562 1705418658582 10160
1705418657679 1705418658697 10162
1705418657794 1705418658807 10164
1705418657911 1705418658928 10167
1705418658027 1705418659036 10169
1705418658144 1705418659157 10172
1705418658260 1705418659273 10174
1705418658376 1705418659392 10176
1705418658609 1705418659619 10181
1705418658725 1705418659752 10183
1705418639075 1705418639084 -1
1705418638844 1705418639878 9788
1705418639891 1705418639915 -1
1705418638960 1705418639981 9790
1705418639192 1705418640212 9795
1705418639308 1705418640324 9797
1705418639425 1705418640436 9799
1705418639542 1705418640558 9802
1705418639658 1705418640672 9804
1705418640705 1705418640722 -1
1705418639774 1705418640805 9806
1705418640007 1705418641022 9811
1705418640124 1705418641138 9813
1705418640240 1705418641254 9815
1705418641287 1705418641302 -1
1705418640356 1705418641374 9818
1705418640472 1705418641486 9820
1705418640590 1705418641617 9823
1705418640822 1705418641837 9827
1705418640938 1705418641954 9830
1705418641055 1705418642077 9832
1705418641171 1705418642225 9835
1705418641404 1705418642418 9839
1705418641520 1705418642534 9841
1705418641636 1705418642656 9844
1705418641752 1705418642765 9846
1705418641869 1705418642881 9848
1705418642916 1705418642928 -1
1705418641985 1705418643000 9850
1705418643032 1705418643039 -1
1705418642103 1705418643119 9853
1705418642219 1705418643233 9855
1705418642334 1705418643349 9857
1705418642452 1705418643484 9860
1705418642567 1705418643582 9863
1705418643615 1705418643630 -1
1705418642683 1705418643694 9865
1705418642800 1705418643814 9867
1705418643964 1705418643981 -1
1705418643150 1705418644163 9874
1705418643266 1705418644275 9876
1705418643383 1705418644392 9878
1705418643499 1705418644519 9881
1705418643732 1705418644747 9885
1705418643848 1705418644878 9888
1705418644082 1705418645100 9892
1705418644198 1705418645214 9895
1705418644314 1705418645326 9897
1705418644430 1705418645449 9899
1705418644546 1705418645559 9902
1705418644663 1705418645678 9904
1705418644779 1705418645791 9905
1705418644895 1705418645908 9906
1705418645012 1705418646023 9909
1705418646059 1705418646074 -1
1705418645128 1705418646170 9912
1705418645245 1705418646268 9914
1705418646292 1705418646324 -1
1705418645361 1705418646380 9916
1705418646408 1705418646420 -1
1705418645477 1705418646490 9918
1705418645593 1705418646605 9920
1705418645710 1705418646727 9923
1705418645827 1705418646846 9926
1705418645944 1705418646959 9928
1705418646176 1705418647198 9932
1705418646524 1705418647537 9939
1705418646642 1705418647658 9942
1705418646758 1705418647768 9944
1705418646873 1705418647890 9946
1705418646991 1705418648011 9949
1705418647107 1705418648118 9951
1705418647223 1705418648238 9953
1705418647339 1705418648355 9955
1705418647456 1705418648470 9958
1705418647573 1705418648585 9960
1705418647689 1705418648701 9962
1705418647805 1705418648823 9965
1705418648853 1705418648866 -1
1705418647922 1705418648935 9967
1705418648970 1705418648998 -1
1705418648039 1705418649058 9970
1705418648154 1705418649169 9972
1705418648271 1705418649283 9974
1705418648388 1705418649398 9976
1705418648504 1705418649520 9979
1705418649551 1705418649565 -1
1705418648620 1705418649631 9981
1705418648736 1705418649752 9983
1705418649085 1705418650097 9991
1705418649202 1705418650222 9993
1705418649318 1705418650332 9995
1705418649434 1705418650448 9997
1705418650483 1705418650495 -1
1705418649667 1705418650683 10002
1705418649784 1705418650797 10004
1705418649901 1705418650915 10007
1705418650016 1705418651028 10009
1705418650133 1705418651143 10012
1705418650249 1705418651273 10014
1705418650365 1705418651397 10016
1705418651414 1705418651429 -1
1705418650599 1705418651610 10021
1705418651645 1705418651676 -1
1705418650714 1705418651733 10023
1705418651762 1705418651781 -1
1705418650831 1705418651847 10025
1705418650947 1705418651960 10028
1705418651064 1705418652080 10030
1705418651180 1705418652195 10033
1705418651296 1705418652309 10035
1705418651530 1705418652544 10039
1705418651878 1705418652897 10046
1705418651995 1705418653018 10051
1705418652112 1705418653125 10051
1705418652228 1705418653243 10054
1705418652345 1705418653357 10056
1705418652461 1705418653475 10058
1705418652577 1705418653590 10060
1705418652694 1705418653708 10063
1705418652810 1705418653825 10065
1705418652926 1705418653940 10067
1705418653044 1705418654067 10072
1705418653159 1705418654173 10072
1705418653275 1705418654285 10075
1705418653392 1705418654404 10077
1705418653509 1705418654525 10079
1705418653625 1705418654638 10081
1705418653741 1705418654756 10083
1705418653857 1705418654870 10086
1705418653974 1705418654985 10088
1705418654090 1705418655104 10090
1705418654207 1705418655224 10093
1705418654323 1705418655337 10095
1705418654439 1705418655448 10098
1705418654556 1705418655570 10100
1705418655603 1705418655641 -1
1705418654672 1705418655684 10102
1705418654788 1705418655802 10104
1705418654905 1705418655921 10107
1705418655021 1705418656029 10109
1705418655138 1705418656148 10111
1705418655254 1705418656270 10114
1705418655370 1705418656386 10116
1705418655486 1705418656498 10119
1705418655719 1705418656744 10123
1705418655836 1705418656849 10125
1705418655952 1705418656963 10128
1705418656068 1705418657078 10130
1705418657116 1705418657154 -1
1705418656184 1705418657199 10132
1705418656301 1705418657314 10135
1705418657350 1705418657364 -1
1705418656419 1705418657430 10137
1705418656535 1705418657546 10140
1705418656651 1705418657659 10142
1705418656767 1705418657778 10144
1705418656884 1705418657897 10146
1705418657000 1705418658035 10149
1705418657233 1705418658274 10154
1705418657465 1705418658482 10158
1705418658513 1705418658524 -1
1705418657582 1705418658610 10160
1705418657698 1705418658718 10163
1705418658745 1705418658787 -1
1705418657815 1705418658830 10165
1705418657931 1705418658948 10167
1705418658047 1705418659058 10169
1705418658164 1705418659184 10172
1705418658280 1705418659303 10174
1705418658396 1705418659412 10177
1705418658629 1705418659642 10181
1705418639107 1705418639115 -1
1705418638876 1705418639903 9788
1705418639923 1705418639930 -1
1705418638991 1705418640003 9790
1705418639225 1705418640235 9795
1705418639342 1705418640352 9797
1705418639458 1705418640468 9800
1705418639574 1705418640583 9802
1705418639691 1705418640701 9804
1705418640737 1705418640745 -1
1705418639807 1705418640833 9807
1705418640039 1705418641049 9811
1705418640156 1705418641170 9814
1705418640272 1705418641281 9816
1705418641319 1705418641325 -1
1705418640388 1705418641398 9818
1705418640506 1705418641514 9821
1705418640621 1705418641634 9823
1705418640855 1705418641864 9828
1705418640970 1705418641978 9830
1705418641087 1705418642097 9832
1705418641203 1705418642244 9835
1705418641436 1705418642447 9839
1705418641552 1705418642563 9842
1705418641668 1705418642680 9844
1705418641786 1705418642795 9846
1705418641901 1705418642910 9848
1705418642950 1705418642955 -1
1705418642017 1705418643026 9851
1705418642134 1705418643144 9853
1705418642250 1705418643259 9855
1705418642367 1705418643375 9858
1705418642484 1705418643509 9861
1705418642599 1705418643608 9863
1705418643649 1705418643654 -1
1705418642717 1705418643725 9866
1705418642832 1705418643842 9869
1705418643997 1705418644004 -1
1705418643066 1705418644074 9872
1705418643182 1705418644192 9874
1705418644229 1705418644235 -1
1705418643298 1705418644306 9876
1705418643415 1705418644423 9879
1705418643531 1705418644538 9881
1705418643764 1705418644772 9886
1705418643880 1705418644916 9889
1705418644113 1705418645121 9893
1705418644347 1705418645354 9897
1705418644463 1705418645472 9900
1705418644579 1705418645587 9902
1705418645626 1705418645631 -1
1705418644696 1705418645703 9904
1705418644811 1705418645819 9905
1705418644928 1705418645936 9906
1705418645044 1705418646054 9909
1705418646092 1705418646098 -1
1705418645160 1705418646202 9912
1705418645277 1705418646285 9914
1705418646324 1705418646343 -1
1705418645393 1705418646401 9916
1705418646440 1705418646446 -1
1705418645509 1705418646518 9919
1705418645742 1705418646750 9923
1705418645859 1705418646867 9926
1705418645975 1705418646983 9928
1705418646208 1705418647218 9933
1705418646557 1705418647565 9940
1705418646673 1705418647682 9942
1705418646789 1705418647797 9944
1705418646906 1705418647915 9947
1705418647022 1705418648030 9949
1705418647138 1705418648149 9951
1705418647256 1705418648263 9954
1705418647373 1705418648380 9956
1705418647489 1705418648497 9958
1705418647605 1705418648614 9961
1705418647721 1705418648748 9963
1705418647838 1705418648848 9965
1705418648885 1705418648891 -1
1705418647954 1705418648962 9968
1705418649001 1705418649014 -1
1705418648070 1705418649077 9970
1705418648187 1705418649196 9972
1705418648303 1705418649311 9975
1705418648420 1705418649427 9977
1705418648536 1705418649544 9979
1705418649584 1705418649589 -1
1705418648653 1705418649663 9982
1705418648769 1705418649779 9984
1705418649118 1705418650125 9991
1705418649234 1705418650245 9994
1705418649351 1705418650358 9996
1705418649467 1705418650476 9998
1705418649699 1705418650709 10002
1705418649817 1705418650824 10005
1705418649932 1705418650942 10007
1705418650049 1705418651059 10009
1705418650166 1705418651173 10012
1705418650281 1705418651289 10015
1705418650398 1705418651414 10017
1705418651445 1705418651451 -1
1705418650515 1705418651522 10019
1705418650631 1705418651645 10021
1705418651679 1705418651690 -1
1705418650747 1705418651755 10023
1705418651795 1705418651803 -1
1705418650863 1705418651870 10026
1705418650980 1705418651987 10028
1705418652028 1705418652034 -1
1705418651097 1705418652104 10030
1705418651212 1705418652221 10033
1705418651329 1705418652336 10036
1705418651562 1705418652570 10040
1705418651911 1705418652920 10047
1705418653076 1705418653082 -1
1705418652144 1705418653152 10051
1705418652260 1705418653268 10054
1705418652377 1705418653385 10056
1705418652494 1705418653502 10058
1705418652610 1705418653618 10061
1705418652726 1705418653734 10063
1705418652842 1705418653850 10065
1705418652959 1705418653976 10068
1705418653191 1705418654199 10072
1705418653309 1705418654316 10075
1705418653424 1705418654432 10077
1705418653540 1705418654550 10079
1705418653657 1705418654665 10082
1705418653773 1705418654782 10084
1705418653890 1705418654899 10086
1705418654006 1705418655014 10089
1705418654123 1705418655131 10091
1705418654239 1705418655257 10093
1705418654355 1705418655363 10096
1705418654472 1705418655479 10098
1705418654589 1705418655598 10100
1705418655635 1705418655657 -1
1705418654704 1705418655713 10103
1705418654820 1705418655827 10105
1705418654937 1705418655945 10107
1705418655054 1705418656062 10110
1705418655170 1705418656178 10112
1705418655286 1705418656294 10114
1705418655402 1705418656409 10117
1705418655519 1705418656527 10119
1705418655751 1705418656760 10124
1705418655869 1705418656878 10126
1705418655985 1705418656997 10128
1705418656101 1705418657109 10130
1705418657150 1705418657176 -1
1705418656218 1705418657227 10133
1705418656334 1705418657342 10135
1705418657381 1705418657392 -1
1705418656451 1705418657458 10137
1705418656567 1705418657575 10140
1705418656684 1705418657692 10142
1705418656800 1705418657808 10144
1705418656917 1705418657924 10147
1705418657032 1705418658074 10150
1705418657265 1705418658290 10154
1705418657498 1705418658511 10159
1705418658546 1705418658552 -1
1705418657614 1705418658628 10161
1705418658662 1705418658669 -1
1705418657731 1705418658741 10163
1705418658778 1705418658808 -1
1705418657847 1705418658856 10165
1705418657963 1705418658975 10168
1705418658080 1705418659093 10170
1705418658197 1705418659207 10173
1705418658312 1705418659320 10175
1705418658430 1705418659439 10177
1705418639138 1705418639146 -1
1705418638906 1705418639941 9789
1705418639953 1705418639961 -1
1705418639021 1705418640032 9791
1705418639254 1705418640265 9796
1705418639370 1705418640380 9798
1705418639489 1705418640498 9801
1705418639604 1705418640614 9803
1705418639721 1705418640730 9805
1705418640768 1705418640774 -1
1705418639837 1705418640849 9807
1705418640070 1705418641080 9812
1705418640186 1705418641195 9814
1705418640303 1705418641316 9817
1705418640420 1705418641429 9819
1705418640535 1705418641545 9822
1705418640651 1705418641662 9824
1705418640884 1705418641893 9828
1705418641001 1705418642010 9831
1705418641117 1705418642127 9833
1705418641233 1705418642255 9835
1705418641350 1705418642358 9837
1705418641466 1705418642476 9840
1705418641583 1705418642595 9843
1705418641700 1705418642709 9845
1705418641815 1705418642825 9847
1705418641931 1705418642940 9849
1705418642979 1705418642984 -1
1705418642048 1705418643057 9851
1705418642164 1705418643173 9854
1705418642280 1705418643288 9856
1705418642397 1705418643407 9858
1705418642514 1705418643523 9861
1705418642631 1705418643640 9864
1705418643677 1705418643682 -1
1705418642747 1705418643755 9866
1705418642862 1705418643872 9869
1705418643909 1705418643925 -1
1705418643095 1705418644103 9872
1705418643212 1705418644220 9875
1705418644260 1705418644265 -1
1705418643328 1705418644337 9877
1705418643444 1705418644453 9879
1705418643560 1705418644569 9882
1705418643793 1705418644802 9887
1705418644026 1705418645037 9891
1705418644142 1705418645150 9893
1705418644376 1705418645383 9898
1705418644491 1705418645499 9900
1705418644609 1705418645617 9903
1705418644725 1705418645733 9905
1705418644840 1705418645848 9905
1705418644959 1705418645966 9908
1705418645074 1705418646085 9910
1705418646121 1705418646126 -1
1705418645190 1705418646221 9913
1705418645307 1705418646317 9915
1705418645423 1705418646430 9917
1705418645540 1705418646547 9919
1705418645656 1705418646665 9922
1705418645773 1705418646782 9924
1705418645889 1705418646898 9927
1705418646005 1705418647014 9929
1705418646238 1705418647246 9933
1705418646354 1705418647364 9936
1705418646471 1705418647479 9938
1705418646587 1705418647595 9940
1705418646703 1705418647712 9943
1705418646820 1705418647829 9945
1705418646936 1705418647944 9948
1705418647052 1705418648060 9950
1705418647169 1705418648177 9952
1705418647285 1705418648292 9954
1705418647401 1705418648409 9956
1705418647518 1705418648526 9959
1705418647634 1705418648642 9961
1705418647751 1705418648760 9964
1705418647868 1705418648875 9966
1705418647983 1705418648992 9968
1705418649031 1705418649039 -1
1705418648100 1705418649110 9971
1705418648216 1705418649224 9973
1705418648333 1705418649341 9975
1705418648449 1705418649458 9977
1705418648566 1705418649575 9980
1705418648681 1705418649688 9982
1705418648798 1705418649806 9984
1705418648914 1705418649922 9987
1705418649147 1705418650156 9992
1705418649264 1705418650271 9994
1705418649380 1705418650388 9996
1705418650427 1705418650435 -1
1705418649496 1705418650504 9998
1705418649612 1705418650621 10001
1705418649729 1705418650738 10003
1705418649845 1705418650853 10005
1705418649962 1705418650970 10008
1705418650079 1705418651086 10010
1705418650194 1705418651203 10013
1705418650311 1705418651324 10015
1705418651476 1705418651481 -1
1705418650543 1705418651551 10020
1705418650660 1705418651670 10022
1705418650777 1705418651785 10024
1705418650893 1705418651901 10026
1705418651010 1705418652018 10029
1705418652057 1705418652063 -1
1705418651125 1705418652132 10031
1705418651241 1705418652249 10034
1705418651358 1705418652366 10036
1705418651592 1705418652601 10040
1705418651709 1705418652717 10043
1705418651824 1705418652832 10045
1705418651941 1705418652949 10047
1705418653104 1705418653110 -1
1705418652173 1705418653182 10052
1705418652290 1705418653300 10055
1705418652406 1705418653412 10057
1705418652523 1705418653530 10059
1705418652639 1705418653647 10061
1705418652755 1705418653774 10064
1705418652872 1705418653880 10066
1705418652988 1705418653998 10068
1705418653221 1705418654230 10073
1705418653337 1705418654347 10076
1705418653454 1705418654462 10078
1705418653570 1705418654577 10080
1705418653686 1705418654695 10082
1705418653802 1705418654810 10085
1705418653920 1705418654928 10087
1705418654035 1705418655044 10089
1705418654153 1705418655160 10092
1705418654269 1705418655279 10094
1705418654385 1705418655394 10097
1705418654501 1705418655509 10099
1705418654618 1705418655628 10101
1705418655665 1705418655671 -1
1705418654733 1705418655740 10103
1705418654850 1705418655857 10105
1705418654967 1705418655974 10108
1705418655082 1705418656090 10110
1705418655199 1705418656207 10112
1705418655315 1705418656322 10115
1705418655433 1705418656439 10117
1705418655549 1705418656556 10119
1705418655781 1705418656788 10124
1705418655897 1705418656905 10126
1705418656013 1705418657021 10129
1705418656130 1705418657140 10131
1705418657178 1705418657184 -1
1705418656246 1705418657253 10133
1705418656362 1705418657371 10136
1705418656480 1705418657487 10138
1705418656595 1705418657603 10141
1705418656712 1705418657720 10143
1705418656828 1705418657835 10145
1705418656944 1705418657952 10147
1705418657061 1705418658084 10150
1705418658226 1705418658233 -1
1705418657293 1705418658303 10154
1705418657410 1705418658419 10157
1705418657526 1705418658534 10159
1705418657642 1705418658654 10162
1705418658692 1705418658698 -1
1705418657760 1705418658770 10164
1705418658807 1705418658817 -1
1705418657875 1705418658885 10166
1705418657993 1705418659001 10168
1705418658109 1705418659118 10171
1705418658342 1705418659353 10175
1705418658458 1705418659466 10178
1705418658575 1705418659585 10180
1705418639115 1705418639123 -1
1705418638881 1705418639909 9788
1705418639929 1705418639940 -1
1705418638999 1705418640010 9790
1705418639230 1705418640243 9795
1705418639347 1705418640358 9797
1705418639463 1705418640474 9800
1705418639580 1705418640591 9802
1705418639697 1705418640707 9804
1705418640744 1705418640752 -1
1705418639813 1705418640840 9807
1705418640046 1705418641057 9811
1705418640162 1705418641176 9814
1705418640279 1705418641291 9816
1705418641326 1705418641333 -1
1705418640395 1705418641406 9818
1705418640511 1705418641521 9821
1705418640628 1705418641642 9824
1705418640861 1705418641870 9828
1705418640978 1705418641989 9830
1705418641093 1705418642103 9832
1705418641209 1705418642252 9835
1705418641443 1705418642452 9839
1705418641560 1705418642572 9842
1705418641675 1705418642684 9844
1705418641791 1705418642802 9846
1705418641908 1705418642921 9849
1705418642955 1705418642960 -1
1705418642024 1705418643035 9851
1705418642140 1705418643148 9853
1705418642257 1705418643268 9856
1705418642373 1705418643384 9858
1705418642489 1705418643521 9861
1705418642607 1705418643617 9863
1705418643654 1705418643661 -1
1705418642723 1705418643730 9866
1705418642839 1705418643851 9869
1705418643888 1705418643922 -1
1705418644004 1705418644010 -1
1705418643071 1705418644080 9872
1705418643189 1705418644200 9874
1705418644237 1705418644245 -1
1705418643305 1705418644312 9877
1705418643421 1705418644429 9879
1705418643538 1705418644547 9881
1705418643770 1705418644778 9886
1705418644120 1705418645127 9893
1705418644352 1705418645361 9898
1705418644469 1705418645478 9900
1705418644585 1705418645593 9902
1705418645632 1705418645639 -1
1705418644702 1705418645712 9905
1705418644818 1705418645828 9905
1705418644935 1705418645943 9907
1705418645050 1705418646060 9910
1705418646098 1705418646105 -1
1705418645167 1705418646218 9913
1705418645284 1705418646291 9914
1705418646330 1705418646348 -1
1705418645400 1705418646410 9917
1705418646447 1705418646454 -1
1705418645516 1705418646524 9919
1705418645749 1705418646757 9923
1705418645865 1705418646872 9926
1705418645981 1705418646990 9928
1705418646215 1705418647226 9933
1705418646563 1705418647571 9940
1705418646681 1705418647692 9942
1705418646796 1705418647805 9944
1705418646912 1705418647923 9947
1705418647029 1705418648038 9949
1705418647146 1705418648157 9952
1705418647262 1705418648269 9954
1705418647379 1705418648390 9956
1705418647495 1705418648503 9958
1705418647611 1705418648621 9961
1705418647728 1705418648756 9963
1705418647844 1705418648856 9965
1705418648891 1705418648897 -1
1705418647961 1705418648970 9968
1705418649009 1705418649019 -1
1705418648077 1705418649087 9970
1705418648193 1705418649206 9973
1705418648311 1705418649320 9975
1705418648426 1705418649436 9977
1705418648543 1705418649550 9979
1705418649590 1705418649595 -1
1705418648659 1705418649669 9982
1705418648775 1705418649786 9984
1705418649125 1705418650134 9991
1705418649241 1705418650248 9994
1705418649358 1705418650366 9996
1705418649473 1705418650482 9998
1705418649707 1705418650718 10003
1705418649822 1705418650829 10005
1705418649939 1705418650947 10007
1705418650055 1705418651063 10010
1705418650171 1705418651184 10013
1705418650288 1705418651300 10015
1705418650404 1705418651420 10019
1705418651452 1705418651457 -1
1705418650521 1705418651531 10019
1705418650637 1705418651650 10021
1705418651686 1705418651695 -1
1705418650753 1705418651765 10024
1705418651802 1705418651809 -1
1705418650870 1705418651879 10026
1705418650987 1705418651994 10028
1705418652034 1705418652043 -1
1705418651102 1705418652109 10031
1705418651220 1705418652229 10034
1705418651336 1705418652346 10036
1705418651569 1705418652578 10040
1705418651918 1705418652928 10047
1705418653082 1705418653089 -1
1705418652151 1705418653161 10052
1705418652267 1705418653275 10054
1705418652384 1705418653393 10057
1705418652501 1705418653507 10059
1705418652616 1705418653626 10061
1705418652732 1705418653741 10063
1705418652849 1705418653857 10065
1705418652965 1705418653986 10068
1705418653198 1705418654209 10073
1705418653314 1705418654321 10075
1705418653431 1705418654440 10077
1705418653547 1705418654555 10079
1705418653663 1705418654671 10082
1705418653780 1705418654789 10084
1705418653896 1705418654904 10086
1705418654012 1705418655020 10089
1705418654129 1705418655138 10091
1705418654246 1705418655264 10094
1705418654362 1705418655370 10096
1705418654478 1705418655489 10098
1705418654594 1705418655604 10100
1705418655643 1705418655664 -1
1705418654711 1705418655720 10103
1705418654827 1705418655835 10105
1705418654943 1705418655951 10107
1705418655061 1705418656072 10110
1705418655176 1705418656185 10112
1705418655294 1705418656307 10114
1705418655410 1705418656418 10117
1705418655526 1705418656535 10119
1705418655759 1705418656769 10124
1705418655876 1705418656886 10126
1705418655992 1705418657003 10128
1705418656109 1705418657118 10131
1705418657156 1705418657183 -1
1705418656224 1705418657233 10133
1705418656342 1705418657351 10135
1705418657388 1705418657398 -1
1705418656457 1705418657466 10138
1705418656573 1705418657584 10140
1705418656690 1705418657701 10142
1705418656806 1705418657818 10145
1705418656923 1705418657933 10147
1705418657039 1705418658083 10150
1705418658203 1705418658210 -1
1705418657272 1705418658299 10154
1705418657504 1705418658517 10159
1705418658553 1705418658558 -1
1705418657621 1705418658635 10161
1705418658668 1705418658679 -1
1705418657737 1705418658750 10163
1705418658784 1705418658816 -1
1705418657853 1705418658863 10166
1705418657971 1705418658984 10168
1705418658086 1705418659100 10170
1705418658319 1705418659332 10175
1705418658435 1705418659448 10177
1705418639147 1705418639156 -1
1705418638915 1705418639957 9789
1705418639031 1705418640042 9791
1705418639264 1705418640280 9796
1705418639380 1705418640389 9798
1705418639496 1705418640505 9801
1705418639613 1705418640625 9803
1705418639729 1705418640739 9805
1705418640778 1705418640786 -1
1705418639845 1705418640855 9807
1705418639963 1705418640976 9810
1705418640079 1705418641090 9812
1705418640195 1705418641206 9814
1705418640312 1705418641322 9817
1705418640428 1705418641441 9819
1705418640546 1705418641559 9822
1705418640661 1705418641674 9824
1705418640894 1705418641903 9828
1705418641011 1705418642020 9831
1705418641127 1705418642138 9833
1705418641243 1705418642257 9835
1705418641359 1705418642370 9838
1705418641475 1705418642485 9840
1705418641593 1705418642602 9843
1705418641709 1705418642721 9845
1705418641825 1705418642836 9847
1705418641941 1705418642951 9849
1705418642989 1705418642995 -1
1705418642057 1705418643067 9852
1705418642174 1705418643184 9854
1705418642290 1705418643302 9856
1705418642406 1705418643415 9859
1705418642523 1705418643531 9861
1705418642640 1705418643648 9864
1705418643687 1705418643693 -1
1705418642755 1705418643763 9866
1705418642872 1705418643882 9869
1705418643920 1705418643929 -1
1705418643105 1705418644114 9873
1705418643221 1705418644229 9875
1705418644269 1705418644277 -1
1705418643337 1705418644347 9877
1705418643455 1705418644465 9880
1705418643571 1705418644582 9882
1705418643804 1705418644814 9887
1705418644036 1705418645045 9891
1705418644153 1705418645162 9894
1705418644387 1705418645394 9898
1705418644502 1705418645511 9901
1705418644619 1705418645627 9903
1705418644735 1705418645744 9905
1705418644851 1705418645861 9905
1705418644967 1705418645978 9908
1705418645084 1705418646095 9910
1705418646131 1705418646137 -1
1705418645200 1705418646227 9913
1705418645316 1705418646326 9915
1705418645433 1705418646442 9917
1705418645549 1705418646558 9920
1705418645666 1705418646675 9922
1705418645782 1705418646793 9924
1705418645898 1705418646907 9927
1705418646015 1705418647023 9929
1705418646247 1705418647256 9933
1705418646364 1705418647372 9936
1705418646481 1705418647490 9938
1705418646596 1705418647605 9940
1705418646714 1705418647721 9943
1705418646829 1705418647838 9945
1705418646947 1705418647957 9948
1705418647062 1705418648070 9950
1705418647178 1705418648187 9952
1705418647296 1705418648304 9954
1705418647412 1705418648421 9957
1705418647528 1705418648537 9959
1705418647645 1705418648653 9961
1705418647761 1705418648772 9964
1705418647877 1705418648884 9966
1705418647994 1705418649004 9969
1705418649041 1705418649048 -1
1705418648110 1705418649117 9971
1705418648227 1705418649235 9973
1705418648343 1705418649351 9975
1705418648459 1705418649468 9978
1705418648576 1705418649587 9980
1705418648692 1705418649701 9982
1705418648808 1705418649817 9985
1705418648925 1705418649935 9987
1705418649158 1705418650165 9992
1705418649275 1705418650282 9994
1705418649390 1705418650400 9996
1705418650437 1705418650445 -1
1705418649507 1705418650517 9999
1705418649623 1705418650632 10001
1705418649740 1705418650748 10003
1705418649856 1705418650865 10006
1705418649972 1705418650980 10008
1705418650088 1705418651097 10010
1705418650206 1705418651213 10013
1705418650321 1705418651335 10015
1705418651486 1705418651494 -1
1705418650554 1705418651566 10020
1705418650670 1705418651680 10022
1705418650786 1705418651796 10024
1705418650903 1705418651914 10027
1705418651020 1705418652028 10029
1705418652067 1705418652072 -1
1705418651136 1705418652147 10032
1705418651253 1705418652262 10034
1705418651369 1705418652379 10036
1705418651603 1705418652614 10041
1705418651718 1705418652726 10043
1705418651835 1705418652845 10045
1705418651951 1705418652961 10047
1705418653115 1705418653121 -1
1705418652184 1705418653195 10052
1705418652300 1705418653308 10055
1705418652417 1705418653426 10057
1705418652533 1705418653542 10059
1705418652649 1705418653658 10062
1705418652766 1705418653774 10064
1705418652882 1705418653891 10066
1705418652999 1705418654007 10068
1705418653231 1705418654240 10073
1705418653348 1705418654356 10076
1705418653464 1705418654472 10078
1705418653580 1705418654590 10080
1705418653697 1705418654705 10082
1705418653813 1705418654821 10085
1705418653929 1705418654937 10087
1705418654047 1705418655054 10089
1705418654162 1705418655168 10092
1705418654278 1705418655287 10094
1705418654396 1705418655405 10097
1705418654511 1705418655519 10099
1705418654627 1705418655635 10101
1705418655675 1705418655683 -1
1705418654744 1705418655752 10103
1705418654860 1705418655869 10106
1705418654977 1705418655986 10108
1705418655093 1705418656102 10110
1705418655210 1705418656218 10113
1705418655326 1705418656336 10115
1705418655442 1705418656451 10118
1705418655559 1705418656567 10120
1705418655791 1705418656799 10124
1705418655908 1705418656918 10127
1705418656024 1705418657032 10129
1705418656140 1705418657149 10131
1705418657189 1705418657199 -1
1705418656257 1705418657265 10134
1705418656374 1705418657382 10136
1705418656490 1705418657498 10138
1705418656606 1705418657613 10141
1705418656724 1705418657733 10143
1705418656839 1705418657846 10145
1705418656956 1705418657966 10148
1705418657072 1705418658089 10150
1705418658236 1705418658242 -1
1705418657305 1705418658318 10155
1705418657421 1705418658432 10157
1705418657539 1705418658552 10159
1705418657655 1705418658664 10162
1705418657770 1705418658779 10164
1705418658819 1705418658825 -1
1705418657887 1705418658898 10166
1705418658004 1705418659012 10169
1705418658119 1705418659128 10171
1705418658352 1705418659362 10176
1705418658470 1705418659477 10178
1705418658586 1705418659594 10180
1705418658701 1705418659711 10183
1705418639154 1705418639163 -1
1705418638922 1705418639958 9789
1705418639037 1705418640057 9791
1705418639270 1705418640282 9796
1705418639388 1705418640402 9799
1705418639503 1705418640515 9801
1705418639620 1705418640629 9803
1705418639736 1705418640749 9805
1705418640784 1705418640791 -1
1705418639853 1705418640867 9810
1705418639970 1705418640979 9810
1705418640085 1705418641098 9812
1705418640202 1705418641216 9815
1705418640319 1705418641334 9817
1705418640434 1705418641447 9819
1705418640551 1705418641566 9822
1705418640667 1705418641678 9824
1705418640900 1705418641911 9829
1705418641016 1705418642026 9831
1705418641134 1705418642155 9833
1705418641249 1705418642264 9836
1705418641365 1705418642375 9838
1705418641482 1705418642494 9840
1705418641598 1705418642609 9843
1705418641714 1705418642725 9845
1705418641831 1705418642848 9847
1705418641947 1705418642958 9849
1705418642995 1705418643001 -1
1705418642063 1705418643074 9852
1705418642180 1705418643188 9854
1705418642296 1705418643307 9856
1705418642414 1705418643425 9859
1705418642530 1705418643539 9862
1705418642646 1705418643656 9864
1705418643694 1705418643702 -1
1705418642763 1705418643771 9867
1705418642879 1705418643890 9869
1705418643926 1705418643935 -1
1705418643112 1705418644121 9873
1705418643228 1705418644238 9875
1705418644276 1705418644282 -1
1705418643345 1705418644358 9878
1705418643461 1705418644471 9880
1705418643577 1705418644590 9882
1705418643810 1705418644822 9887
1705418644043 1705418645052 9891
1705418644159 1705418645170 9894
1705418644393 1705418645402 9898
1705418644509 1705418645520 9901
1705418644625 1705418645634 9903
1705418644741 1705418645751 9905
1705418644857 1705418645867 9905
1705418644974 1705418645987 9908
1705418645091 1705418646116 9911
1705418646137 1705418646149 -1
1705418645207 1705418646234 9913
1705418645323 1705418646334 9915
1705418645439 1705418646451 9917
1705418645555 1705418646566 9920
1705418645672 1705418646683 9922
1705418645788 1705418646799 9925
1705418645905 1705418646914 9927
1705418646022 1705418647030 9929
1705418646254 1705418647265 9935
1705418646371 1705418647381 9936
1705418646487 1705418647496 9938
1705418646603 1705418647614 9941
1705418646719 1705418647728 9943
1705418646835 1705418647845 9945
1705418646953 1705418647962 9948
1705418647068 1705418648077 9950
1705418647186 1705418648196 9952
1705418647302 1705418648312 9955
1705418647418 1705418648427 9957
1705418647535 1705418648544 9959
1705418647651 1705418648665 9962
1705418647766 1705418648778 9964
1705418647883 1705418648895 9966
1705418647999 1705418649013 9969
1705418649047 1705418649055 -1
1705418648115 1705418649127 9971
1705418648232 1705418649245 9973
1705418648349 1705418649360 9975
1705418648466 1705418649475 9978
1705418648582 1705418649593 9980
1705418648698 1705418649709 9982
1705418648815 1705418649823 9985
1705418648931 1705418649951 9987
1705418649164 1705418650173 9992
1705418649280 1705418650291 9994
1705418649396 1705418650407 9997
1705418650444 1705418650452 -1
1705418649513 1705418650523 9999
1705418649629 1705418650642 10001
1705418649746 1705418650755 10003
1705418649862 1705418650871 10006
1705418649979 1705418650988 10008
1705418650095 1705418651106 10011
1705418650211 1705418651221 10013
1705418650327 1705418651344 10015
1705418651492 1705418651499 -1
1705418650560 1705418651571 10020
1705418651607 1705418651621 -1
1705418650676 1705418651686 10022
1705418650793 1705418651803 10024
1705418650909 1705418651923 10027
1705418651027 1705418652037 10029
1705418652073 1705418652079 -1
1705418651143 1705418652154 10032
1705418651259 1705418652270 10034
1705418651375 1705418652387 10037
1705418651724 1705418652733 10043
1705418651840 1705418652850 10045
1705418651956 1705418652969 10048
1705418653121 1705418653127 -1
1705418652189 1705418653203 10052
1705418652306 1705418653315 10055
1705418652422 1705418653429 10057
1705418652538 1705418653554 10060
1705418652656 1705418653665 10062
1705418652772 1705418653779 10064
1705418652887 1705418653897 10066
1705418653004 1705418654015 10069
1705418653238 1705418654250 10073
1705418653355 1705418654363 10076
1705418653470 1705418654482 10078
1705418653587 1705418654598 10080
1705418653703 1705418654712 10083
1705418653820 1705418654829 10085
1705418653936 1705418654948 10087
1705418654053 1705418655065 10090
1705418654168 1705418655177 10092
1705418654285 1705418655297 10094
1705418654401 1705418655414 10097
1705418654517 1705418655528 10099
1705418654634 1705418655647 10101
1705418655681 1705418655696 -1
1705418654750 1705418655759 10103
1705418654867 1705418655879 10106
1705418654983 1705418655992 10108
1705418655099 1705418656111 10111
1705418655216 1705418656225 10113
1705418655332 1705418656343 10115
1705418655449 1705418656457 10118
1705418655566 1705418656574 10120
1705418655798 1705418656806 10124
1705418655914 1705418656926 10127
1705418656030 1705418657038 10129
1705418656147 1705418657157 10131
1705418657195 1705418657208 -1
1705418656263 1705418657273 10134
1705418656380 1705418657396 10136
1705418656496 1705418657510 10139
1705418656612 1705418657621 10141
1705418656729 1705418657740 10143
1705418656845 1705418657854 10145
1705418656961 1705418657978 10148
1705418657078 1705418658101 10150
1705418658242 1705418658250 -1
1705418657310 1705418658324 10155
1705418657427 1705418658442 10157
1705418657543 1705418658563 10160
1705418657659 1705418658673 10162
1705418657776 1705418658787 10164
1705418658824 1705418658833 -1
1705418657893 1705418658906 10166
1705418658008 1705418659020 10169
1705418658125 1705418659139 10171
1705418658359 1705418659371 10176
1705418658475 1705418659490 10178
1705418658591 1705418659603 10180
1705418658708 1705418659721 10183
1705418639863 1705418639873 -1
1705418638932 1705418639968 9790
1705418639047 1705418640062 9792
1705418639164 1705418640176 9794
1705418639280 1705418640294 9796
1705418639396 1705418640408 9799
1705418639513 1705418640523 9801
1705418639629 1705418640639 9803
1705418639746 1705418640756 9805
1705418640794 1705418640802 -1
1705418639978 1705418640989 9810
1705418640095 1705418641105 9812
1705418640212 1705418641221 9815
1705418641259 1705418641270 -1
1705418640327 1705418641341 9817
1705418640444 1705418641454 9819
1705418640561 1705418641573 9822
1705418640678 1705418641690 9825
1705418640911 1705418641919 9829
1705418641027 1705418642038 9831
1705418641143 1705418642169 9834
1705418641376 1705418642388 9838
1705418641492 1705418642502 9840
1705418641608 1705418642619 9843
1705418641725 1705418642735 9845
1705418641841 1705418642852 9847
1705418641957 1705418642965 9850
1705418643005 1705418643012 -1
1705418642074 1705418643084 9852
1705418642190 1705418643201 9854
1705418642308 1705418643318 9857
1705418642424 1705418643437 9860
1705418642539 1705418643549 9862
1705418642656 1705418643666 9865
1705418642772 1705418643781 9867
1705418642888 1705418643899 9869
1705418643936 1705418643948 -1
1705418643121 1705418644130 9873
1705418643237 1705418644246 9875
1705418644285 1705418644293 -1
1705418643354 1705418644362 9878
1705418643470 1705418644479 9880
1705418643586 1705418644597 9882
1705418643703 1705418644713 9885
1705418643819 1705418644829 9887
1705418644053 1705418645064 9892
1705418644168 1705418645177 9894
1705418644401 1705418645412 9899
1705418644517 1705418645527 9901
1705418644634 1705418645644 9903
1705418644750 1705418645759 9905
1705418644866 1705418645874 9905
1705418644983 1705418645993 9908
1705418645099 1705418646118 9911
1705418646147 1705418646155 -1
1705418645216 1705418646236 9913
1705418646265 1705418646271 -1
1705418645332 1705418646343 9915
1705418645449 1705418646458 9917
1705418645566 1705418646574 9920
1705418645683 1705418646692 9922
1705418645798 1705418646808 9925
1705418645915 1705418646925 9927
1705418646032 1705418647040 9929
1705418646380 1705418647393 9936
1705418646497 1705418647508 9938
1705418646613 1705418647622 9941
1705418646729 1705418647738 9943
1705418646846 1705418647857 9945
1705418646962 1705418647970 9948
1705418647078 1705418648086 9950
1705418647195 1705418648205 9952
1705418647311 1705418648320 9955
1705418647428 1705418648437 9957
1705418647544 1705418648552 9959
1705418647660 1705418648677 9962
1705418647777 1705418648789 9964
1705418647893 1705418648904 9966
1705418648009 1705418649017 9969
1705418648126 1705418649135 9971
1705418648242 1705418649252 9973
1705418648359 1705418649368 9976
1705418648475 1705418649485 9978
1705418648591 1705418649600 9980
1705418648708 1705418649717 9983
1705418648824 1705418649834 9985
1705418648941 1705418649964 9988
1705418649057 1705418650070 9990
1705418649174 1705418650183 9992
1705418649289 1705418650298 9995
1705418649407 1705418650416 9997
1705418650454 1705418650460 -1
1705418649523 1705418650533 9999
1705418649638 1705418650647 10001
1705418649755 1705418650766 10004
1705418649872 1705418650880 10006
1705418649989 1705418650997 10008
1705418650104 1705418651115 10011
1705418650220 1705418651228 10013
1705418650337 1705418651361 10016
1705418651501 1705418651507 -1
1705418650569 1705418651577 10020
1705418651619 1705418651629 -1
1705418650686 1705418651696 10022
1705418650802 1705418651810 10025
1705418650919 1705418651929 10027
1705418651035 1705418652042 10029
1705418652083 1705418652091 -1
1705418651151 1705418652162 10032
1705418651268 1705418652278 10034
1705418651385 1705418652396 10037
1705418651734 1705418652747 10043
1705418651850 1705418652861 10046
1705418651968 1705418652977 10048
1705418653131 1705418653139 -1
1705418652199 1705418653208 10053
1705418652316 1705418653323 10055
1705418652433 1705418653441 10057
1705418652550 1705418653560 10060
1705418652666 1705418653673 10062
1705418652781 1705418653792 10064
1705418652898 1705418653907 10066
1705418653014 1705418654023 10069
1705418653247 1705418654255 10074
1705418653363 1705418654370 10076
1705418653479 1705418654487 10078
1705418653597 1705418654606 10080
1705418653713 1705418654722 10083
1705418653829 1705418654837 10085
1705418653945 1705418654953 10087
1705418654061 1705418655071 10090
1705418654178 1705418655186 10092
1705418654294 1705418655304 10095
1705418654410 1705418655419 10097
1705418654528 1705418655537 10099
1705418654643 1705418655654 10101
1705418655691 1705418655701 -1
1705418654760 1705418655768 10104
1705418654877 1705418655887 10106
1705418654992 1705418656003 10108
1705418655110 1705418656118 10111
1705418655225 1705418656232 10113
1705418655342 1705418656349 10115
1705418655458 1705418656467 10118
1705418655574 1705418656582 10120
1705418655808 1705418656816 10125
1705418655923 1705418656931 10127
1705418656040 1705418657059 10129
1705418656156 1705418657166 10132
1705418657203 1705418657210 -1
1705418656272 1705418657279 10134
1705418656388 1705418657398 10136
1705418656505 1705418657512 10139
1705418656621 1705418657629 10141
1705418656738 1705418657747 10143
1705418656854 1705418657862 10146
1705418656970 1705418657981 10148
1705418657087 1705418658110 10150
1705418657319 1705418658330 10155
1705418657436 1705418658445 10157
1705418657552 1705418658569 10160
1705418657670 1705418658679 10162
1705418657786 1705418658794 10164
1705418658833 1705418658840 -1
1705418657902 1705418658914 10167
1705418658019 1705418659027 10169
1705418658135 1705418659143 10171
1705418658251 1705418659261 10174
1705418658368 1705418659376 10176
1705418658484 1705418659492 10178
1705418658600 1705418659609 10180
1705418658717 1705418659730 10183
1705418639058 1705418639070 -1
1705418639872 1705418639892 -1
1705418638942 1705418639979 9790
1705418639175 1705418640188 9794
1705418639290 1705418640301 9796
1705418639407 1705418640420 9799
1705418639524 1705418640536 9801
1705418639640 1705418640653 9803
1705418639757 1705418640769 9806
1705418640804 1705418640810 -1
1705418639989 1705418641004 9810
1705418640105 1705418641119 9813
1705418640221 1705418641232 9815
1705418641270 1705418641281 -1
1705418640338 1705418641357 9817
1705418640454 1705418641466 9820
1705418640570 1705418641593 9823
1705418640687 1705418641709 9825
1705418640921 1705418641930 9829
1705418641037 1705418642053 9831
1705418641153 1705418642202 9834
1705418641386 1705418642397 9838
1705418641502 1705418642519 9841
1705418641619 1705418642633 9843
1705418641735 1705418642747 9845
1705418641851 1705418642864 9848
1705418641968 1705418642978 9850
1705418643015 1705418643022 -1
1705418642084 1705418643098 9852
1705418642200 1705418643213 9855
1705418642317 1705418643329 9857
1705418642434 1705418643461 9860
1705418642549 1705418643560 9862
1705418642666 1705418643678 9865
1705418642782 1705418643793 9867
1705418642899 1705418643910 9869
1705418643946 1705418643963 -1
1705418643131 1705418644141 9873
1705418643249 1705418644257 9875
1705418644296 1705418644304 -1
1705418643365 1705418644374 9878
1705418643480 1705418644499 9880
1705418643597 1705418644612 9883
1705418643713 1705418644726 9885
1705418643830 1705418644843 9888
1705418644063 1705418645074 9892
1705418644180 1705418645195 9894
1705418644412 1705418645425 9899
1705418644529 1705418645541 9901
1705418644645 1705418645655 9904
1705418644761 1705418645771 9905
1705418644878 1705418645887 9906
1705418644994 1705418646010 9909
1705418645111 1705418646148 9911
1705418645227 1705418646257 9913
1705418646274 1705418646294 -1
1705418645343 1705418646356 9915
1705418646391 1705418646404 -1
1705418645460 1705418646473 9918
1705418645576 1705418646588 9920
1705418645692 1705418646703 9922
1705418645810 1705418646824 9925
1705418645925 1705418646937 9927
1705418646042 1705418647057 9930
1705418646159 1705418647173 9932
1705418646507 1705418647521 9939
1705418646623 1705418647640 9941
1705418646740 1705418647750 9943
1705418646857 1705418647873 9946
1705418646972 1705418647989 9949
1705418647089 1705418648103 9951
1705418647205 1705418648219 9953
1705418647321 1705418648334 9955
1705418647438 1705418648452 9957
1705418647554 1705418648568 9960
1705418647671 1705418648712 9963
1705418647788 1705418648803 9964
1705418647905 1705418648919 9967
1705418648951 1705418648976 -1
1705418648021 1705418649034 9969
1705418648137 1705418649150 9972
1705418648253 1705418649262 9974
1705418648370 1705418649379 9976
1705418648486 1705418649500 9978
1705418648602 1705418649613 9981
1705418648719 1705418649729 9983
1705418648835 1705418649851 9985
1705418649068 1705418650082 9990
1705418649185 1705418650202 9993
1705418649301 1705418650313 9995
1705418649417 1705418650428 9997
1705418650465 1705418650473 -1
1705418649534 1705418650548 9999
1705418649650 1705418650667 10002
1705418649766 1705418650775 10004
1705418649882 1705418650895 10006
1705418649999 1705418651007 10008
1705418650116 1705418651125 10011
1705418650232 1705418651251 10014
1705418650349 1705418651377 10016
1705418650581 1705418651592 10020
1705418651629 1705418651654 -1
1705418650698 1705418651713 10023
1705418651745 1705418651760 -1
1705418650813 1705418651832 10025
1705418650930 1705418651945 10027
1705418651046 1705418652060 10030
1705418652094 1705418652100 -1
1705418651163 1705418652178 10033
1705418651280 1705418652289 10035
1705418651397 1705418652415 10037
1705418651513 1705418652522 10039
1705418651862 1705418652872 10046
1705418651978 1705418652991 10048
1705418653142 1705418653148 -1
1705418652211 1705418653224 10053
1705418652327 1705418653340 10056
1705418652444 1705418653457 10058
1705418652560 1705418653571 10060
1705418652676 1705418653685 10062
1705418652793 1705418653806 10064
1705418652909 1705418653918 10067
1705418653025 1705418654041 10069
1705418653258 1705418654271 10074
1705418653374 1705418654384 10076
1705418653491 1705418654507 10078
1705418653607 1705418654618 10081
1705418653723 1705418654733 10083
1705418653841 1705418654854 10085
1705418653956 1705418654970 10088
1705418654072 1705418655084 10090
1705418654189 1705418655200 10092
1705418654305 1705418655318 10095
1705418654422 1705418655431 10097
1705418654539 1705418655557 10100
1705418654655 1705418655666 10102
1705418654772 1705418655783 10104
1705418654888 1705418655903 10106
1705418655004 1705418656011 10109
1705418655121 1705418656131 10111
1705418655237 1705418656251 10113
1705418655355 1705418656368 10116
1705418655471 1705418656480 10118
1705418655586 1705418656624 10121
1705418655703 1705418656718 10123
1705418655820 1705418656830 10125
1705418655935 1705418656948 10127
1705418656053 1705418657062 10130
1705418656168 1705418657182 10132
1705418656284 1705418657296 10134
1705418656402 1705418657417 10137
1705418656517 1705418657526 10139
1705418656635 1705418657646 10141
1705418656750 1705418657767 10144
1705418656867 1705418657876 10146
1705418656983 1705418658012 10149
1705418657099 1705418658136 10151
1705418657215 1705418658257 10153
1705418657332 1705418658349 10155
1705418657449 1705418658466 10158
1705418658496 1705418658511 -1
1705418657565 1705418658585 10160
1705418657681 1705418658700 10162
1705418657797 1705418658813 10165
1705418657914 1705418658930 10167
1705418658031 1705418659043 10169
1705418658147 1705418659163 10172
1705418658265 1705418659278 10174
1705418658380 1705418659396 10176
1705418658613 1705418659626 10181
1705418658729 1705418659765 10184
1705418639062 1705418639073 -1
1705418639875 1705418639897 -1
1705418638945 1705418639983 9790
1705418639177 1705418640191 9794
1705418639295 1705418640309 9797
1705418639410 1705418640421 9799
1705418639526 1705418640540 9801
1705418639643 1705418640655 9803
1705418639759 1705418640774 9806
1705418640807 1705418640813 -1
1705418639993 1705418641007 9810
1705418640110 1705418641121 9813
1705418640226 1705418641242 9815
1705418641273 1705418641287 -1
1705418640342 1705418641358 9817
1705418640458 1705418641467 9820
1705418640575 1705418641598 9823
1705418640691 1705418641715 9825
1705418640925 1705418641934 9829
1705418641041 1705418642058 9832
1705418641157 1705418642202 9834
1705418641390 1705418642400 9838
1705418641506 1705418642519 9841
1705418641622 1705418642638 9843
1705418641739 1705418642749 9845
1705418641856 1705418642866 9848
1705418641971 1705418642983 9850
1705418643019 1705418643026 -1
1705418642088 1705418643101 9852
1705418642204 1705418643215 9855
1705418642321 1705418643330 9857
1705418642436 1705418643447 9860
1705418642554 1705418643562 9862
1705418642669 1705418643680 9865
1705418642786 1705418643795 9867
1705418642902 1705418643913 9869
1705418643951 1705418643967 -1
1705418643135 1705418644144 9873
1705418643251 1705418644262 9876
1705418644299 1705418644307 -1
1705418643367 1705418644375 9878
1705418643484 1705418644503 9880
1705418643601 1705418644616 9885
1705418643716 1705418644728 9885
1705418643834 1705418644847 9888
1705418644067 1705418645080 9892
1705418644183 1705418645196 9894
1705418644417 1705418645428 9899
1705418644532 1705418645545 9901
1705418644648 1705418645658 9904
1705418644766 1705418645774 9905
1705418644881 1705418645888 9906
1705418644998 1705418646009 9909
1705418645114 1705418646151 9911
1705418645230 1705418646259 9914
1705418646278 1705418646302 -1
1705418645347 1705418646359 9916
1705418646394 1705418646406 -1
1705418645463 1705418646476 9918
1705418645580 1705418646589 9920
1705418645696 1705418646710 9923
1705418645812 1705418646827 9925
1705418645928 1705418646942 9927
1705418646045 1705418647060 9930
1705418646162 1705418647176 9932
1705418646510 1705418647523 9939
1705418646628 1705418647640 9941
1705418646743 1705418647752 9943
1705418646860 1705418647876 9946
1705418646976 1705418647992 9949
1705418647093 1705418648105 9951
1705418647208 1705418648221 9953
1705418647325 1705418648337 9955
1705418647441 1705418648455 9957
1705418647557 1705418648570 9960
1705418647675 1705418648713 9963
1705418647790 1705418648806 9964
1705418647908 1705418648922 9967
1705418648955 1705418648981 -1
1705418648024 1705418649037 9969
1705418648141 1705418649152 9972
1705418648257 1705418649266 9974
1705418648373 1705418649381 9976
1705418648489 1705418649502 9978
1705418648606 1705418649617 9981
1705418648722 1705418649730 9983
1705418648839 1705418649853 9985
1705418649071 1705418650083 9990
1705418649189 1705418650205 9993
1705418649304 1705418650315 9995
1705418649421 1705418650433 9997
1705418650468 1705418650477 -1
1705418649537 1705418650550 9999
1705418649653 1705418650669 10002
1705418649769 1705418650777 10004
1705418649886 1705418650900 10006
1705418650002 1705418651010 10009
1705418650118 1705418651127 10012
1705418650235 1705418651254 10014
1705418650352 1705418651381 10016
1705418650584 1705418651595 10020
1705418651631 1705418651655 -1
1705418650700 1705418651716 10023
1705418651748 1705418651762 -1
1705418650817 1705418651832 10025
1705418650933 1705418651950 10027
1705418651049 1705418652062 10030
1705418652098 1705418652105 -1
1705418651166 1705418652180 10033
1705418651282 1705418652293 10035
1705418651399 1705418652419 10037
1705418651515 1705418652525 10039
1705418651865 1705418652874 10046
1705418651981 1705418652995 10048
1705418653145 1705418653151 -1
1705418652214 1705418653226 10053
1705418652331 1705418653341 10056
1705418652447 1705418653459 10058
1705418652563 1705418653574 10060
1705418652679 1705418653688 10062
1705418652797 1705418653810 10065
1705418652912 1705418653920 10067
1705418653029 1705418654044 10069
1705418653261 1705418654275 10074
1705418653378 1705418654387 10077
1705418653494 1705418654508 10078
1705418653611 1705418654619 10081
1705418653727 1705418654737 10083
1705418653843 1705418654856 10085
1705418653959 1705418654973 10088
1705418654076 1705418655086 10090
1705418654193 1705418655202 10092
1705418654309 1705418655322 10095
1705418654426 1705418655435 10097
1705418654541 1705418655560 10100
1705418654659 1705418655669 10102
1705418654774 1705418655787 10104
1705418654891 1705418655906 10106
1705418655007 1705418656014 10109
1705418655123 1705418656130 10111
1705418655239 1705418656255 10113
1705418655356 1705418656369 10116
1705418655472 1705418656481 10118
1705418655589 1705418656628 10121
1705418655705 1705418656723 10123
1705418655821 1705418656832 10125
1705418655939 1705418656947 10127
1705418656055 1705418657063 10130
1705418656171 1705418657182 10132
1705418656289 1705418657298 10134
1705418656404 1705418657420 10137
1705418656520 1705418657527 10139
1705418656637 1705418657648 10141
1705418656753 1705418657766 10144
1705418656870 1705418657878 10146
1705418656986 1705418658015 10149
1705418657102 1705418658129 10151
1705418657219 1705418658248 10153
1705418657335 1705418658351 10155
1705418657451 1705418658468 10158
1705418658499 1705418658513 -1
1705418657569 1705418658587 10160
1705418657684 1705418658703 10162
1705418657800 1705418658813 10165
1705418657917 1705418658931 10167
1705418658033 1705418659046 10169
1705418658150 1705418659166 10172
1705418658266 1705418659275 10174
1705418658383 1705418659399 10176
1705418658615 1705418659626 10181
1705418658731 1705418659770 10184
1705418639072 1705418639081 -1
1705418639887 1705418639906 -1
1705418638956 1705418639988 9790
1705418639189 1705418640206 9795
1705418639306 1705418640320 9797
1705418639421 1705418640431 9799
1705418639538 1705418640552 9802
1705418639654 1705418640666 9804
1705418639770 1705418640800 9806
1705418640004 1705418641019 9811
1705418640120 1705418641131 9813
1705418640236 1705418641249 9815
1705418641283 1705418641296 -1
1705418640352 1705418641373 9818
1705418640469 1705418641480 9820
1705418640585 1705418641611 9823
1705418640701 1705418641723 9827
1705418640819 1705418641831 9827
1705418640934 1705418641947 9829
1705418641050 1705418642068 9832
1705418641167 1705418642221 9835
1705418641399 1705418642411 9839
1705418641516 1705418642527 9841
1705418641633 1705418642653 9844
1705418641750 1705418642759 9846
1705418641866 1705418642881 9848
1705418642914 1705418642924 -1
1705418641982 1705418642995 9850
1705418643031 1705418643038 -1
1705418642099 1705418643115 9853
1705418642215 1705418643229 9855
1705418642332 1705418643343 9857
1705418642448 1705418643478 9860
1705418642564 1705418643577 9862
1705418643611 1705418643624 -1
1705418642680 1705418643691 9865
1705418642797 1705418643807 9867
1705418643961 1705418643974 -1
1705418643147 1705418644156 9873
1705418643262 1705418644272 9876
1705418643379 1705418644388 9878
1705418643495 1705418644513 9881
1705418643729 1705418644740 9885
1705418643845 1705418644863 9888
1705418644078 1705418645098 9892
1705418644194 1705418645209 9895
1705418644310 1705418645321 9897
1705418644426 1705418645442 9899
1705418644542 1705418645553 9901
1705418644659 1705418645670 9904
1705418644775 1705418645787 9905
1705418644891 1705418645901 9906
1705418645008 1705418646017 9909
1705418645125 1705418646162 9912
1705418645241 1705418646263 9914
1705418646289 1705418646330 -1
1705418645359 1705418646377 9916
1705418646406 1705418646417 -1
1705418645474 1705418646485 9918
1705418645591 1705418646601 9920
1705418645707 1705418646719 9923
1705418645823 1705418646839 9926
1705418645940 1705418646950 9928
1705418646056 1705418647072 9932
1705418646173 1705418647186 9932
1705418646521 1705418647535 9939
1705418646638 1705418647657 9942
1705418646754 1705418647762 9944
1705418646870 1705418647884 9946
1705418646987 1705418648003 9949
1705418647103 1705418648114 9951
1705418647221 1705418648234 9953
1705418647337 1705418648348 9955
1705418647452 1705418648464 9958
1705418647570 1705418648582 9960
1705418647685 1705418648723 9963
1705418647801 1705418648817 9965
1705418648851 1705418648864 -1
1705418647918 1705418648931 9967
1705418648966 1705418648992 -1
1705418648034 1705418649049 9970
1705418648151 1705418649164 9972
1705418648267 1705418649279 9974
1705418648383 1705418649392 9976
1705418648500 1705418649514 9979
1705418649549 1705418649560 -1
1705418648617 1705418649624 9981
1705418648733 1705418649743 9983
1705418649082 1705418650095 9991
1705418649199 1705418650220 9993
1705418649315 1705418650326 9995
1705418649432 1705418650442 9997
1705418650479 1705418650489 -1
1705418649664 1705418650677 10002
1705418649781 1705418650792 10004
1705418649897 1705418650909 10007
1705418650014 1705418651023 10009
1705418650130 1705418651140 10012
1705418650246 1705418651265 10014
1705418650362 1705418651388 10016
1705418651410 1705418651428 -1
1705418650595 1705418651609 10021
1705418651642 1705418651667 -1
1705418650712 1705418651729 10023
1705418651760 1705418651775 -1
1705418650828 1705418651842 10025
1705418650945 1705418651958 10027
1705418651061 1705418652075 10030
1705418651177 1705418652188 10033
1705418651294 1705418652304 10035
1705418651526 1705418652538 10039
1705418651875 1705418652890 10046
1705418651992 1705418653009 10049
1705418652109 1705418653117 10051
1705418652225 1705418653239 10054
1705418652342 1705418653349 10056
1705418652459 1705418653468 10058
1705418652574 1705418653587 10060
1705418652691 1705418653702 10063
1705418652807 1705418653818 10065
1705418652923 1705418653934 10067
1705418653040 1705418654057 10069
1705418653156 1705418654167 10072
1705418653273 1705418654285 10075
1705418653389 1705418654400 10077
1705418653505 1705418654520 10079
1705418653622 1705418654630 10081
1705418653738 1705418654751 10083
1705418653854 1705418654867 10086
1705418653971 1705418654980 10088
1705418654087 1705418655097 10090
1705418654203 1705418655221 10093
1705418654320 1705418655329 10095
1705418654436 1705418655444 10098
1705418654553 1705418655570 10100
1705418654669 1705418655681 10102
1705418654786 1705418655798 10104
1705418654902 1705418655917 10107
1705418655018 1705418656025 10109
1705418655134 1705418656144 10111
1705418655252 1705418656267 10114
1705418655367 1705418656380 10116
1705418655484 1705418656494 10118
1705418655601 1705418656639 10123
1705418655718 1705418656736 10123
1705418655834 1705418656843 10125
1705418655950 1705418656960 10128
1705418656066 1705418657074 10130
1705418656184 1705418657197 10132
1705418656299 1705418657311 10135
1705418656415 1705418657426 10137
1705418656532 1705418657540 10140
1705418656648 1705418657656 10142
1705418656764 1705418657773 10144
1705418656881 1705418657892 10146
1705418656997 1705418658027 10149
1705418657115 1705418658143 10151
1705418657230 1705418658267 10154
1705418657346 1705418658363 10156
1705418657463 1705418658479 10158
1705418658510 1705418658519 -1
1705418657579 1705418658600 10160
1705418657696 1705418658714 10163
1705418658743 1705418658782 -1
1705418657813 1705418658826 10165
1705418657928 1705418658940 10167
1705418658044 1705418659056 10169
1705418658161 1705418659176 10172
1705418658277 1705418659293 10174
1705418658394 1705418659408 10176
1705418658627 1705418659637 10181
1705418639074 1705418639085 -1
1705418639890 1705418639911 -1
1705418638959 1705418639989 9790
1705418639191 1705418640209 9795
1705418639307 1705418640322 9797
1705418639425 1705418640434 9799
1705418639540 1705418640554 9802
1705418639657 1705418640669 9804
1705418640705 1705418640722 -1
1705418639774 1705418640787 9806
1705418640006 1705418641021 9811
1705418640122 1705418641138 9813
1705418640238 1705418641256 9815
1705418641286 1705418641300 -1
1705418640354 1705418641372 9818
1705418640471 1705418641483 9820
1705418640587 1705418641614 9823
1705418640821 1705418641834 9827
1705418640937 1705418641953 9829
1705418641054 1705418642073 9832
1705418641170 1705418642223 9835
1705418641403 1705418642417 9839
1705418641519 1705418642531 9841
1705418641635 1705418642659 9844
1705418641752 1705418642764 9846
1705418641869 1705418642882 9848
1705418642915 1705418642927 -1
1705418641985 1705418642998 9850
1705418643032 1705418643039 -1
1705418642101 1705418643119 9853
1705418642217 1705418643229 9855
1705418642335 1705418643346 9857
1705418642451 1705418643482 9860
1705418642566 1705418643580 9863
1705418643614 1705418643628 -1
1705418642684 1705418643696 9865
1705418642799 1705418643812 9867
1705418643963 1705418643982 -1
1705418643148 1705418644162 9874
1705418643265 1705418644274 9876
1705418643381 1705418644391 9878
1705418643497 1705418644518 9881
1705418643730 1705418644745 9885
1705418643846 1705418644873 9888
1705418644079 1705418645096 9892
1705418644195 1705418645211 9895
1705418644313 1705418645325 9897
1705418644429 1705418645447 9899
1705418644547 1705418645561 9902
1705418644662 1705418645675 9904
1705418644778 1705418645788 9905
1705418644895 1705418645910 9906
1705418645011 1705418646023 9909
1705418646058 1705418646073 -1
1705418645127 1705418646167 9912
1705418645244 1705418646266 9914
1705418646291 1705418646326 -1
1705418645361 1705418646378 9916
1705418646408 1705418646419 -1
1705418645477 1705418646489 9918
1705418645593 1705418646606 9920
1705418645709 1705418646724 9923
1705418645827 1705418646849 9926
1705418645943 1705418646956 9928
1705418646175 1705418647194 9932
1705418646525 1705418647539 9939
1705418646640 1705418647659 9942
1705418646757 1705418647766 9944
1705418646874 1705418647892 9946
1705418646989 1705418648009 9949
1705418647106 1705418648119 9951
1705418647222 1705418648237 9953
1705418647339 1705418648353 9955
1705418647455 1705418648468 9958
1705418647571 1705418648582 9960
1705418647687 1705418648726 9963
1705418647804 1705418648820 9965
1705418648852 1705418648865 -1
1705418647921 1705418648934 9967
1705418648968 1705418648996 -1
1705418648036 1705418649054 9970
1705418648153 1705418649166 9972
1705418648269 1705418649281 9974
1705418648386 1705418649397 9976
1705418648502 1705418649519 9979
1705418649550 1705418649563 -1
1705418648619 1705418649627 9981
1705418648736 1705418649753 9983
1705418649085 1705418650100 9991
1705418649201 1705418650221 9993
1705418649317 1705418650330 9995
1705418649435 1705418650449 9997
1705418650481 1705418650492 -1
1705418649667 1705418650681 10002
1705418649783 1705418650795 10004
1705418649900 1705418650913 10007
1705418650016 1705418651028 10009
1705418650132 1705418651142 10012
1705418650248 1705418651272 10014
1705418650365 1705418651399 10016
1705418651412 1705418651429 -1
1705418650597 1705418651610 10021
1705418651645 1705418651674 -1
1705418650714 1705418651735 10023
1705418651761 1705418651776 -1
1705418650830 1705418651845 10025
1705418650947 1705418651960 10028
1705418651064 1705418652079 10030
1705418651179 1705418652190 10033
1705418651296 1705418652308 10035
1705418651528 1705418652541 10039
1705418651877 1705418652896 10046
1705418651995 1705418653012 10049
1705418652110 1705418653121 10051
1705418652226 1705418653243 10054
1705418652343 1705418653355 10056
1705418652459 1705418653470 10058
1705418652576 1705418653584 10060
1705418652693 1705418653705 10063
1705418652808 1705418653821 10065
1705418652925 1705418653938 10067
1705418653042 1705418654062 10070
1705418653158 1705418654174 10072
1705418653276 1705418654287 10075
1705418653392 1705418654404 10077
1705418653507 1705418654524 10079
1705418653624 1705418654633 10081
1705418653740 1705418654755 10083
1705418653858 1705418654872 10086
1705418653973 1705418654983 10088
1705418654089 1705418655100 10090
1705418654207 1705418655227 10093
1705418654322 1705418655335 10095
1705418654439 1705418655450 10098
1705418654556 1705418655572 10100
1705418655602 1705418655639 -1
1705418654672 1705418655685 10102
1705418654787 1705418655800 10104
1705418654905 1705418655920 10107
1705418655020 1705418656028 10109
1705418655137 1705418656151 10111
1705418655253 1705418656268 10114
1705418655369 1705418656385 10116
1705418655487 1705418656499 10119
1705418655718 1705418656739 10123
1705418655835 1705418656848 10125
1705418655951 1705418656962 10128
1705418656068 1705418657076 10130
1705418656184 1705418657198 10132
1705418656300 1705418657313 10135
1705418657350 1705418657366 -1
1705418656417 1705418657427 10137
1705418656533 1705418657542 10140
1705418656649 1705418657657 10142
1705418656766 1705418657777 10144
1705418656882 1705418657896 10146
1705418656998 1705418658030 10149
1705418657115 1705418658153 10153
1705418657231 1705418658270 10154
1705418657465 1705418658486 10158
1705418658512 1705418658521 -1
1705418657581 1705418658603 10160
1705418657698 1705418658720 10163
1705418658746 1705418658789 -1
1705418657814 1705418658828 10165
1705418657930 1705418658942 10167
1705418658047 1705418659062 10170
1705418658163 1705418659181 10172
1705418658280 1705418659300 10174
1705418658396 1705418659414 10177
1705418658629 1705418659644 10181
1705418639092 1705418639100 -1
1705418639907 1705418639919 -1
1705418638976 1705418640005 9790
1705418639210 1705418640219 9795
1705418639325 1705418640335 9797
1705418639443 1705418640452 9800
1705418639558 1705418640567 9802
1705418639675 1705418640684 9804
1705418640722 1705418640729 -1
1705418639791 1705418640823 9807
1705418640024 1705418641033 9811
1705418640140 1705418641153 9813
1705418640256 1705418641267 9816
1705418641305 1705418641313 -1
1705418640373 1705418641382 9818
1705418640489 1705418641501 9820
1705418640605 1705418641622 9823
1705418640838 1705418641848 9827
1705418640956 1705418641965 9830
1705418641071 1705418642082 9832
1705418641187 1705418642233 9835
1705418641420 1705418642429 9839
1705418641537 1705418642546 9841
1705418641653 1705418642665 9844
1705418641770 1705418642777 9846
1705418641885 1705418642896 9848
1705418642933 1705418642941 -1
1705418642003 1705418643011 9851
1705418642118 1705418643125 9853
1705418642235 1705418643243 9855
1705418642352 1705418643360 9858
1705418642468 1705418643500 9861
1705418642584 1705418643593 9863
1705418643631 1705418643638 -1
1705418642700 1705418643710 9866
1705418642816 1705418643827 9869
1705418643981 1705418643987 -1
1705418643049 1705418644062 9872
1705418643165 1705418644175 9874
1705418644213 1705418644221 -1
1705418643282 1705418644290 9876
1705418643399 1705418644406 9878
1705418643516 1705418644524 9881
1705418643747 1705418644759 9885
1705418643864 1705418644907 9889
1705418644096 1705418645105 9892
1705418644329 1705418645339 9897
1705418644445 1705418645457 9899
1705418644562 1705418645572 9902
1705418645610 1705418645615 -1
1705418644678 1705418645688 9904
1705418644795 1705418645804 9905
1705418644913 1705418645921 9906
1705418645028 1705418646037 9909
1705418646076 1705418646082 -1
1705418645145 1705418646178 9912
1705418645262 1705418646275 9914
1705418646308 1705418646338 -1
1705418645377 1705418646391 9916
1705418646425 1705418646431 -1
1705418645494 1705418646502 9918
1705418645727 1705418646734 9923
1705418645843 1705418646857 9926
1705418645959 1705418646966 9928
1705418646192 1705418647203 9932
1705418646541 1705418647549 9939
1705418646658 1705418647667 9942
1705418646774 1705418647781 9944
1705418646890 1705418647900 9946
1705418647007 1705418648017 9949
1705418647124 1705418648132 9951
1705418647239 1705418648248 9953
1705418647357 1705418648366 9956
1705418647472 1705418648482 9958
1705418647588 1705418648598 9960
1705418647705 1705418648737 9963
1705418647821 1705418648831 9965
1705418648869 1705418648875 -1
1705418647937 1705418648947 9967
1705418648986 1705418649007 -1
1705418648054 1705418649066 9970
1705418648170 1705418649179 9972
1705418648286 1705418649294 9974
1705418648403 1705418649411 9977
1705418648520 1705418649529 9979
1705418649567 1705418649572 -1
1705418648636 1705418649645 9981
1705418648752 1705418649762 9984
1705418649101 1705418650111 9991
1705418649217 1705418650226 9993
1705418649334 1705418650344 9995
1705418649451 1705418650460 9998
1705418650497 1705418650503 -1
1705418649683 1705418650693 10002
1705418649799 1705418650809 10004
1705418649917 1705418650924 10007
1705418650032 1705418651041 10009
1705418650148 1705418651159 10012
1705418650265 1705418651278 10014
1705418650381 1705418651405 10017
1705418651428 1705418651434 -1
1705418650614 1705418651623 10021
1705418651662 1705418651682 -1
1705418650730 1705418651743 10023
1705418651778 1705418651787 -1
1705418650846 1705418651856 10025
1705418650963 1705418651974 10028
1705418652012 1705418652020 -1
1705418651079 1705418652088 10030
1705418651196 1705418652207 10033
1705418651312 1705418652326 10035
1705418651546 1705418652553 10039
1705418651895 1705418652904 10046
1705418653058 1705418653073 -1
1705418652127 1705418653137 10051
1705418652245 1705418653253 10054
1705418652361 1705418653369 10056
1705418652478 1705418653485 10058
1705418652593 1705418653602 10061
1705418652709 1705418653718 10063
1705418652826 1705418653835 10065
1705418652942 1705418653955 10067
1705418653175 1705418654183 10072
1705418653291 1705418654299 10075
1705418653407 1705418654416 10077
1705418653525 1705418654533 10079
1705418653641 1705418654649 10081
1705418653758 1705418654775 10084
1705418653873 1705418654882 10086
1705418653989 1705418654997 10088
1705418654106 1705418655116 10091
1705418654222 1705418655237 10093
1705418654338 1705418655348 10096
1705418654455 1705418655463 10098
1705418654572 1705418655580 10100
1705418655619 1705418655647 -1
1705418654687 1705418655701 10102
1705418654804 1705418655812 10105
1705418654920 1705418655929 10107
1705418655037 1705418656045 10109
1705418655153 1705418656163 10112
1705418655269 1705418656278 10114
1705418655387 1705418656395 10116
1705418655502 1705418656512 10119
1705418655735 1705418656750 10123
1705418655851 1705418656861 10125
1705418655967 1705418656977 10128
1705418656084 1705418657093 10130
1705418657131 1705418657166 -1
1705418656200 1705418657223 10133
1705418656317 1705418657327 10135
1705418657365 1705418657378 -1
1705418656433 1705418657442 10137
1705418656550 1705418657560 10140
1705418656666 1705418657675 10142
1705418656783 1705418657793 10144
1705418656898 1705418657907 10146
1705418657015 1705418658066 10150
1705418657247 1705418658280 10154
1705418657480 1705418658496 10158
1705418658528 1705418658538 -1
1705418657596 1705418658621 10161
1705418657713 1705418658726 10163
1705418658761 1705418658798 -1
1705418657829 1705418658845 10165
1705418657946 1705418658961 10167
1705418658062 1705418659075 10170
1705418658178 1705418659189 10172
1705418658296 1705418659313 10175
1705418658412 1705418659423 10177
1705418658645 1705418659657 10182
1705418639104 1705418639115 -1
1705418639920 1705418639927 -1
1705418638989 1705418640017 9791
1705418639221 1705418640231 9795
1705418639337 1705418640350 9797
1705418639453 1705418640463 9800
1705418639570 1705418640579 9802
1705418639687 1705418640699 9804
1705418640734 1705418640741 -1
1705418639803 1705418640830 9807
1705418640037 1705418641048 9811
1705418640152 1705418641165 9814
1705418640269 1705418641283 9816
1705418641317 1705418641323 -1
1705418640385 1705418641395 9818
1705418640501 1705418641512 9821
1705418640618 1705418641626 9823
1705418640850 1705418641859 9828
1705418640967 1705418641977 9830
1705418641083 1705418642095 9832
1705418641200 1705418642238 9835
1705418641432 1705418642442 9839
1705418641549 1705418642559 9841
1705418641665 1705418642676 9844
1705418641781 1705418642791 9846
1705418641898 1705418642907 9848
1705418642946 1705418642951 -1
1705418642014 1705418643023 9851
1705418642131 1705418643139 9853
1705418642247 1705418643258 9855
1705418642363 1705418643372 9858
1705418642480 1705418643504 9861
1705418642596 1705418643606 9863
1705418643643 1705418643650 -1
1705418642712 1705418643722 9866
1705418642830 1705418643839 9869
1705418643993 1705418644002 -1
1705418643061 1705418644069 9872
1705418643178 1705418644188 9874
1705418644225 1705418644231 -1
1705418643294 1705418644304 9876
1705418643410 1705418644418 9879
1705418643528 1705418644535 9881
1705418643760 1705418644771 9886
1705418643876 1705418644911 9889
1705418644109 1705418645121 9893
1705418644341 1705418645350 9897
1705418644458 1705418645468 9900
1705418644574 1705418645582 9902
1705418645622 1705418645627 -1
1705418644690 1705418645701 9904
1705418644808 1705418645817 9905
1705418644923 1705418645933 9906
1705418645040 1705418646050 9909
1705418646088 1705418646094 -1
1705418645156 1705418646195 9912
1705418645272 1705418646282 9914
1705418646321 1705418646342 -1
1705418645390 1705418646398 9916
1705418646437 1705418646446 -1
1705418645506 1705418646515 9919
1705418645739 1705418646747 9923
1705418645855 1705418646863 9926
1705418645971 1705418646980 9928
1705418646204 1705418647215 9933
1705418646553 1705418647563 9940
1705418646670 1705418647680 9942
1705418646786 1705418647795 9944
1705418646902 1705418647909 9947
1705418647019 1705418648027 9949
1705418647135 1705418648145 9951
1705418647252 1705418648260 9954
1705418647368 1705418648376 9956
1705418647484 1705418648492 9958
1705418647601 1705418648611 9961
1705418647717 1705418648744 9963
1705418647834 1705418648844 9965
1705418648882 1705418648888 -1
1705418647950 1705418648961 9968
1705418648997 1705418649011 -1
1705418648066 1705418649075 9970
1705418648182 1705418649190 9972
1705418648299 1705418649308 9974
1705418648415 1705418649425 9977
1705418648531 1705418649542 9979
1705418649579 1705418649584 -1
1705418648648 1705418649656 9981
1705418648764 1705418649771 9984
1705418649113 1705418650121 9991
1705418649230 1705418650239 9993
1705418649347 1705418650357 9996
1705418649463 1705418650471 9998
1705418649695 1705418650705 10002
1705418649811 1705418650820 10005
1705418649928 1705418650937 10007
1705418650045 1705418651053 10009
1705418650161 1705418651170 10012
1705418650277 1705418651286 10015
1705418650393 1705418651409 10017
1705418651441 1705418651447 -1
1705418650510 1705418651518 10019
1705418650626 1705418651634 10021
1705418651674 1705418651684 -1
1705418650743 1705418651754 10023
1705418651791 1705418651800 -1
1705418650859 1705418651868 10026
1705418650976 1705418651984 10028
1705418652024 1705418652029 -1
1705418651091 1705418652100 10030
1705418651208 1705418652218 10033
1705418651324 1705418652333 10036
1705418651557 1705418652566 10040
1705418651908 1705418652918 10047
1705418653071 1705418653078 -1
1705418652141 1705418653150 10051
1705418652256 1705418653265 10054
1705418652372 1705418653380 10056
1705418652489 1705418653497 10058
1705418652605 1705418653616 10061
1705418652723 1705418653731 10063
1705418652838 1705418653846 10065
1705418652954 1705418653969 10068
1705418653187 1705418654198 10072
1705418653303 1705418654314 10075
1705418653420 1705418654428 10077
1705418653536 1705418654547 10079
1705418653652 1705418654663 10082
1705418653769 1705418654779 10084
1705418653885 1705418654894 10086
1705418654002 1705418655012 10089
1705418654119 1705418655126 10091
1705418654235 1705418655255 10093
1705418654351 1705418655360 10096
1705418654467 1705418655476 10098
1705418654584 1705418655592 10100
1705418655632 1705418655653 -1
1705418654700 1705418655708 10102
1705418654817 1705418655824 10105
1705418654932 1705418655940 10107
1705418655049 1705418656059 10109
1705418655165 1705418656173 10112
1705418655282 1705418656290 10114
1705418655399 1705418656406 10117
1705418655514 1705418656522 10119
1705418655747 1705418656758 10123
1705418655863 1705418656871 10126
1705418655980 1705418656989 10128
1705418656096 1705418657109 10130
1705418657143 1705418657166 -1
1705418656212 1705418657224 10133
1705418656330 1705418657338 10135
1705418657376 1705418657387 -1
1705418656445 1705418657452 10137
1705418656562 1705418657571 10140
1705418656678 1705418657687 10142
1705418656794 1705418657801 10144
1705418656912 1705418657920 10147
1705418657028 1705418658068 10150
1705418657260 1705418658284 10154
1705418657492 1705418658505 10158
1705418658540 1705418658549 -1
1705418657609 1705418658623 10161
1705418658657 1705418658666 -1
1705418657725 1705418658734 10163
1705418658773 1705418658803 -1
1705418657843 1705418658852 10165
1705418657958 1705418658968 10168
1705418658074 1705418659082 10170
1705418658191 1705418659200 10172
1705418658307 1705418659317 10175
1705418658423 1705418659434 10177
SUCCESSFULL
