1705417221 Linux 5.4.0-1103-aws (ip-10-0-52-227) 01/16/24 _x86_64_ (16 CPU)
1705417222
1705417222 15:00:21 CPU %usr %nice %sys %iowait %irq %soft %steal %guest %gnice %idle
1705417222 15:00:22 all 0.00 0.00 0.00 0.00 0.00 0.00 0.00 0.00 0.00 100.00
1705417222 15:00:22 0 0.00 0.00 0.00 0.00 0.00 0.00 0.00 0.00 0.00 100.00
1705417222 15:00:22 1 0.00 0.00 0.00 0.00 0.00 0.00 0.00 0.00 0.00 100.00
1705417222 15:00:22 2 0.00 0.00 0.00 0.00 0.00 0.00 0.00 0.00 0.00 100.00
1705417222 15:00:22 3 0.00 0.00 0.00 0.00 0.00 0.00 0.00 0.00 0.00 100.00
1705417222 15:00:22 4 0.00 0.00 0.00 0.00 0.00 0.00 0.00 0.00 0.00 100.00
1705417222 15:00:22 5 0.00 0.00 0.00 0.00 0.00 0.00 0.00 0.00 0.00 100.00
1705417222 15:00:22 6 0.00 0.00 0.00 0.00 0.00 0.00 0.00 0.00 0.00 100.00
1705417222 15:00:22 7 0.00 0.00 0.00 0.00 0.00 0.00 0.00 0.00 0.00 100.00
1705417222 15:00:22 8 0.00 0.00 0.00 0.00 0.00 0.00 0.00 0.00 0.00 100.00
1705417222 15:00:22 9 0.00 0.00 0.00 0.00 0.00 0.00 0.00 0.00 0.00 100.00
1705417222 15:00:22 10 0.00 0.00 0.00 0.00 0.00 0.00 0.00 0.00 0.00 100.00
1705417222 15:00:22 11 0.00 0.00 0.00 0.00 0.00 0.00 0.00 0.00 0.00 100.00
1705417222 15:00:22 12 0.00 0.00 0.00 0.00 0.00 0.00 0.00 0.00 0.00 100.00
1705417222 15:00:22 13 0.00 0.00 0.00 0.00 0.00 0.00 0.00 0.00 0.00 100.00
1705417222 15:00:22 14 0.00 0.00 0.00 0.00 0.00 0.00 0.00 0.00 0.00 100.00
1705417222 15:00:22 15 0.00 0.00 0.00 0.00 0.00 0.00 0.00 0.00 0.00 100.00
1705417223
1705417223 15:00:22 CPU %usr %nice %sys %iowait %irq %soft %steal %guest %gnice %idle
1705417223 15:00:23 all 0.00 0.00 0.13 0.00 0.00 0.00 0.00 0.00 0.00 99.87
1705417223 15:00:23 0 0.99 0.00 0.99 0.00 0.00 0.00 0.00 0.00 0.00 98.02
1705417223 15:00:23 1 0.00 0.00 0.00 0.00 0.00 0.00 0.00 0.00 0.00 100.00
1705417223 15:00:23 2 0.00 0.00 0.00 0.00 0.00 0.00 0.00 0.00 0.00 100.00
1705417223 15:00:23 3 0.00 0.00 0.00 0.00 0.00 0.00 0.00 0.00 0.00 100.00
1705417223 15:00:23 4 0.00 0.00 0.00 0.00 0.00 0.00 0.00 0.00 0.00 100.00
1705417223 15:00:23 5 0.00 0.00 0.00 0.00 0.00 0.00 0.00 0.00 0.00 100.00
1705417223 15:00:23 6 0.00 0.00 0.00 0.00 0.00 0.00 0.00 0.00 0.00 100.00
1705417223 15:00:23 7 0.00 0.00 0.00 0.00 0.00 0.00 0.00 0.00 0.00 100.00
1705417223 15:00:23 8 0.00 0.00 0.99 0.00 0.00 0.00 0.00 0.00 0.00 99.01
1705417223 15:00:23 9 0.00 0.00 0.00 0.00 0.00 0.00 0.00 0.00 0.00 100.00
1705417223 15:00:23 10 0.00 0.00 0.00 0.00 0.00 0.00 0.00 0.00 0.00 100.00
1705417223 15:00:23 11 0.00 0.00 0.00 0.00 0.00 0.00 0.00 0.00 0.00 100.00
1705417223 15:00:23 12 0.00 0.00 0.00 0.00 0.00 0.00 0.00 0.00 0.00 100.00
1705417223 15:00:23 13 0.00 0.00 0.00 0.00 0.00 0.00 0.00 0.00 0.00 100.00
1705417223 15:00:23 14 0.00 0.00 0.00 0.00 0.00 0.00 0.00 0.00 0.00 100.00
1705417223 15:00:23 15 0.00 0.00 0.00 0.00 0.00 0.00 0.00 0.00 0.00 100.00
1705417224
1705417224 15:00:23 CPU %usr %nice %sys %iowait %irq %soft %steal %guest %gnice %idle
1705417224 15:00:24 all 0.06 0.00 0.12 0.00 0.00 0.00 0.00 0.00 0.00 99.81
1705417224 15:00:24 0 0.00 0.00 0.00 0.00 0.00 0.00 0.00 0.00 0.00 100.00
1705417224 15:00:24 1 0.00 0.00 1.00 0.00 0.00 0.00 0.00 0.00 0.00 99.00
1705417224 15:00:24 2 0.00 0.00 0.00 0.00 0.00 0.00 0.00 0.00 0.00 100.00
1705417224 15:00:24 3 0.00 0.00 0.00 0.00 0.00 0.00 0.00 0.00 0.00 100.00
1705417224 15:00:24 4 0.00 0.00 0.00 0.00 0.00 0.00 0.00 0.00 0.00 100.00
1705417224 15:00:24 5 0.00 0.00 0.00 0.00 0.00 0.00 0.00 0.00 0.00 100.00
1705417224 15:00:24 6 0.00 0.00 0.00 0.00 0.00 0.00 0.00 0.00 0.00 100.00
1705417224 15:00:24 7 0.00 0.00 0.00 0.00 0.00 0.00 0.00 0.00 0.00 100.00
1705417224 15:00:24 8 0.00 0.00 0.00 0.00 0.00 0.00 0.00 0.00 0.00 100.00
1705417224 15:00:24 9 0.00 0.00 1.00 0.00 0.00 0.00 0.00 0.00 0.00 99.00
1705417224 15:00:24 10 0.00 0.00 0.00 0.00 0.00 0.00 0.00 0.00 0.00 100.00
1705417224 15:00:24 11 0.00 0.00 0.00 0.00 0.00 0.00 0.00 0.00 0.00 100.00
1705417224 15:00:24 12 0.00 0.00 0.00 0.00 0.00 0.00 0.00 0.00 0.00 100.00
1705417224 15:00:24 13 0.00 0.00 0.00 0.00 0.00 0.00 0.00 0.00 0.00 100.00
1705417224 15:00:24 14 0.00 0.00 0.99 0.00 0.00 0.00 0.00 0.00 0.00 99.01
1705417224 15:00:24 15 0.00 0.00 0.00 0.00 0.00 0.00 0.00 0.00 0.00 100.00
1705417225
1705417225 15:00:24 CPU %usr %nice %sys %iowait %irq %soft %steal %guest %gnice %idle
1705417225 15:00:25 all 0.06 0.00 0.13 0.00 0.00 0.00 0.00 0.00 0.00 99.81
1705417225 15:00:25 0 0.00 0.00 0.00 0.00 0.00 0.00 0.00 0.00 0.00 100.00
1705417225 15:00:25 1 0.00 0.00 0.00 0.00 0.00 0.00 0.00 0.00 0.00 100.00
1705417225 15:00:25 2 0.99 0.00 0.00 0.00 0.00 0.00 0.00 0.00 0.00 99.01
1705417225 15:00:25 3 0.00 0.00 0.00 0.00 0.00 0.00 0.00 0.00 0.00 100.00
1705417225 15:00:25 4 0.00 0.00 0.00 0.00 0.00 0.00 0.00 0.00 0.00 100.00
1705417225 15:00:25 5 0.00 0.00 0.00 0.00 0.00 0.00 0.00 0.00 0.00 100.00
1705417225 15:00:25 6 0.00 0.00 0.00 0.00 0.00 0.00 0.00 0.00 0.00 100.00
1705417225 15:00:25 7 0.00 0.00 0.00 0.00 0.00 0.00 0.00 0.00 0.00 100.00
1705417225 15:00:25 8 0.00 0.00 0.00 0.00 0.00 0.00 0.00 0.00 0.00 100.00
1705417225 15:00:25 9 0.00 0.00 0.99 0.00 0.00 0.00 0.00 0.00 0.00 99.01
1705417225 15:00:25 10 0.00 0.00 1.00 0.00 0.00 0.00 0.00 0.00 0.00 99.00
1705417225 15:00:25 11 0.00 0.00 0.00 0.00 0.00 0.00 0.00 0.00 0.00 100.00
1705417225 15:00:25 12 0.00 0.00 0.00 0.00 0.00 0.00 0.00 0.00 0.00 100.00
1705417225 15:00:25 13 0.00 0.00 0.00 0.00 0.00 0.00 0.00 0.00 0.00 100.00
1705417225 15:00:25 14 0.00 0.00 0.00 0.00 0.00 0.00 0.00 0.00 0.00 100.00
1705417225 15:00:25 15 0.00 0.00 0.00 0.00 0.00 0.00 0.00 0.00 0.00 100.00
1705417226
1705417226 15:00:25 CPU %usr %nice %sys %iowait %irq %soft %steal %guest %gnice %idle
1705417226 15:00:26 all 0.12 0.00 0.12 0.00 0.00 0.00 0.00 0.00 0.00 99.75
1705417226 15:00:26 0 0.00 0.00 0.00 0.00 0.00 0.00 0.00 0.00 0.00 100.00
1705417226 15:00:26 1 0.00 0.00 0.00 0.00 0.00 0.00 0.00 0.00 0.00 100.00
1705417226 15:00:26 2 0.00 0.00 0.00 0.00 0.00 0.00 0.00 0.00 0.00 100.00
1705417226 15:00:26 3 0.00 0.00 0.00 0.00 0.00 0.00 0.00 0.00 0.00 100.00
1705417226 15:00:26 4 0.00 0.00 0.00 0.00 0.00 0.00 0.00 0.00 0.00 100.00
1705417226 15:00:26 5 0.00 0.00 0.00 0.00 0.00 0.00 0.00 0.00 0.00 100.00
1705417226 15:00:26 6 0.00 0.00 0.00 0.00 0.00 0.00 0.00 0.00 0.00 100.00
1705417226 15:00:26 7 0.00 0.00 0.00 0.00 0.00 0.00 0.00 0.00 0.00 100.00
1705417226 15:00:26 8 0.00 0.00 0.00 0.00 0.00 0.00 0.00 0.00 0.00 100.00
1705417226 15:00:26 9 1.00 0.00 0.00 0.00 0.00 0.00 0.00 0.00 0.00 99.00
1705417226 15:00:26 10 0.00 0.00 0.00 0.00 0.00 0.00 0.00 0.00 0.00 100.00
1705417226 15:00:26 11 0.00 0.00 0.00 0.00 0.00 0.00 0.00 0.00 0.00 100.00
1705417226 15:00:26 12 0.00 0.00 0.00 0.00 0.00 0.00 0.00 0.00 0.00 100.00
1705417226 15:00:26 13 0.00 0.00 0.00 0.00 0.00 0.00 0.00 0.00 0.00 100.00
1705417226 15:00:26 14 0.00 0.00 0.00 0.00 0.00 0.00 0.00 0.00 0.00 100.00
1705417226 15:00:26 15 0.00 0.00 0.00 0.00 0.00 0.00 0.00 0.00 0.00 100.00
1705417227
1705417227 15:00:26 CPU %usr %nice %sys %iowait %irq %soft %steal %guest %gnice %idle
1705417227 15:00:27 all 0.00 0.00 0.13 0.00 0.00 0.00 0.00 0.00 0.00 99.87
1705417227 15:00:27 0 0.00 0.00 0.00 0.00 0.00 0.00 0.00 0.00 0.00 100.00
1705417227 15:00:27 1 0.99 0.00 0.00 0.00 0.00 0.00 0.00 0.00 0.00 99.01
1705417227 15:00:27 2 0.00 0.00 1.00 0.00 0.00 0.00 0.00 0.00 0.00 99.00
1705417227 15:00:27 3 0.00 0.00 0.00 0.00 0.00 0.00 0.00 0.00 0.00 100.00
1705417227 15:00:27 4 0.00 0.00 0.00 0.00 0.00 0.00 0.00 0.00 0.00 100.00
1705417227 15:00:27 5 0.00 0.00 0.00 0.00 0.00 0.00 0.00 0.00 0.00 100.00
1705417227 15:00:27 6 0.00 0.00 0.00 0.00 0.00 0.00 0.00 0.00 0.00 100.00
1705417227 15:00:27 7 0.00 0.00 0.00 0.00 0.00 0.00 0.00 0.00 0.00 100.00
1705417227 15:00:27 8 0.00 0.00 0.99 0.00 0.00 0.00 0.00 0.00 0.00 99.01
1705417227 15:00:27 9 0.00 0.00 0.00 0.00 0.00 0.00 0.00 0.00 0.00 100.00
1705417227 15:00:27 10 0.99 0.00 0.00 0.00 0.00 0.00 0.00 0.00 0.00 99.01
1705417227 15:00:27 11 0.00 0.00 0.00 0.00 0.00 0.00 0.00 0.00 0.00 100.00
1705417227 15:00:27 12 0.00 0.00 0.00 0.00 0.00 0.00 0.00 0.00 0.00 100.00
1705417227 15:00:27 13 0.00 0.00 0.00 0.00 0.00 0.00 0.00 0.00 0.00 100.00
1705417227 15:00:27 14 0.00 0.00 0.00 0.00 0.00 0.00 0.00 0.00 0.00 100.00
1705417227 15:00:27 15 0.00 0.00 0.99 0.00 0.00 0.00 0.00 0.00 0.00 99.01
1705417228
1705417228 15:00:27 CPU %usr %nice %sys %iowait %irq %soft %steal %guest %gnice %idle
1705417228 15:00:28 all 0.06 0.00 0.12 0.00 0.00 0.00 0.00 0.00 0.00 99.81
1705417228 15:00:28 0 0.00 0.00 0.00 0.00 0.00 0.00 0.00 0.00 0.00 100.00
1705417228 15:00:28 1 0.00 0.00 1.00 0.00 0.00 0.00 0.00 0.00 0.00 99.00
1705417228 15:00:28 2 0.00 0.00 0.00 0.00 0.00 0.00 0.00 0.00 0.00 100.00
1705417228 15:00:28 3 0.00 0.00 0.00 0.00 0.00 0.00 0.00 0.00 0.00 100.00
1705417228 15:00:28 4 0.00 0.00 0.00 0.00 0.00 0.00 0.00 0.00 0.00 100.00
1705417228 15:00:28 5 0.00 0.00 0.00 0.00 0.00 0.00 0.00 0.00 0.00 100.00
1705417228 15:00:28 6 0.00 0.00 0.00 0.00 0.00 0.00 0.00 0.00 0.00 100.00
1705417228 15:00:28 7 0.00 0.00 0.00 0.00 0.00 0.00 0.00 0.00 0.00 100.00
1705417228 15:00:28 8 0.99 0.00 0.00 0.00 0.00 0.00 0.00 0.00 0.00 99.01
1705417228 15:00:28 9 0.00 0.00 0.00 0.00 0.00 0.00 0.00 0.00 0.00 100.00
1705417228 15:00:28 10 0.00 0.00 0.99 0.00 0.00 0.00 0.00 0.00 0.00 99.01
1705417228 15:00:28 11 0.00 0.00 0.00 0.00 0.00 0.00 0.00 0.00 0.00 100.00
1705417228 15:00:28 12 0.00 0.00 0.00 0.00 0.00 0.00 0.00 0.00 0.00 100.00
1705417228 15:00:28 13 0.00 0.00 0.00 0.00 0.00 0.00 0.00 0.00 0.00 100.00
1705417228 15:00:28 14 0.00 0.00 0.00 0.00 0.00 0.00 0.00 0.00 0.00 100.00
1705417228 15:00:28 15 0.00 0.00 0.00 0.00 0.00 0.00 0.00 0.00 0.00 100.00
1705417229
1705417229 15:00:28 CPU %usr %nice %sys %iowait %irq %soft %steal %guest %gnice %idle
1705417229 15:00:29 all 32.77 0.00 3.01 0.00 0.00 0.00 0.00 0.00 0.00 64.22
1705417229 15:00:29 0 34.65 0.00 0.99 0.00 0.00 0.00 0.00 0.00 0.00 64.36
1705417229 15:00:29 1 30.00 0.00 4.00 0.00 0.00 0.00 0.00 0.00 0.00 66.00
1705417229 15:00:29 2 25.51 0.00 2.04 0.00 0.00 0.00 0.00 0.00 0.00 72.45
1705417229 15:00:29 3 29.29 0.00 2.02 0.00 0.00 0.00 0.00 0.00 0.00 68.69
1705417229 15:00:29 4 31.00 0.00 2.00 0.00 0.00 0.00 0.00 0.00 0.00 67.00
1705417229 15:00:29 5 30.30 0.00 1.01 0.00 0.00 0.00 0.00 0.00 0.00 68.69
1705417229 15:00:29 6 74.00 0.00 10.00 0.00 0.00 0.00 0.00 0.00 0.00 16.00
1705417229 15:00:29 7 25.00 0.00 4.00 0.00 0.00 0.00 0.00 0.00 0.00 71.00
1705417229 15:00:29 8 30.30 0.00 2.02 0.00 0.00 0.00 0.00 0.00 0.00 67.68
1705417229 15:00:29 9 30.30 0.00 5.05 0.00 0.00 0.00 0.00 0.00 0.00 64.65
1705417229 15:00:29 10 30.30 0.00 4.04 0.00 0.00 0.00 0.00 0.00 0.00 65.66
1705417229 15:00:29 11 33.00 0.00 1.00 0.00 0.00 0.00 0.00 0.00 0.00 66.00
1705417229 15:00:29 12 26.73 0.00 2.97 0.00 0.00 0.00 0.00 0.00 0.00 70.30
1705417229 15:00:29 13 31.00 0.00 2.00 0.00 0.00 0.00 0.00 0.00 0.00 67.00
1705417229 15:00:29 14 31.68 0.00 0.99 0.00 0.00 0.00 0.00 0.00 0.00 67.33
1705417229 15:00:29 15 30.30 0.00 2.02 0.00 0.00 0.00 0.00 0.00 0.00 67.68
1705417230
1705417230 15:00:29 CPU %usr %nice %sys %iowait %irq %soft %steal %guest %gnice %idle
1705417230 15:00:30 all 61.20 0.00 4.88 0.00 0.00 0.00 0.00 0.00 0.00 33.92
1705417230 15:00:30 0 57.43 0.00 7.92 0.00 0.00 0.00 0.00 0.00 0.00 34.65
1705417230 15:00:30 1 61.00 0.00 6.00 0.00 0.00 0.00 0.00 0.00 0.00 33.00
1705417230 15:00:30 2 57.43 0.00 6.93 0.00 0.00 0.00 0.99 0.00 0.00 34.65
1705417230 15:00:30 3 59.41 0.00 5.94 0.00 0.00 0.00 0.00 0.00 0.00 34.65
1705417230 15:00:30 4 64.65 0.00 1.01 0.00 0.00 0.00 0.00 0.00 0.00 34.34
1705417230 15:00:30 5 62.38 0.00 4.95 0.00 0.00 0.00 0.00 0.00 0.00 32.67
1705417230 15:00:30 6 64.00 0.00 3.00 0.00 0.00 0.00 0.00 0.00 0.00 33.00
1705417230 15:00:30 7 63.00 0.00 4.00 0.00 0.00 0.00 0.00 0.00 0.00 33.00
1705417230 15:00:30 8 61.00 0.00 4.00 0.00 0.00 0.00 0.00 0.00 0.00 35.00
1705417230 15:00:30 9 61.39 0.00 3.96 0.00 0.00 0.00 0.00 0.00 0.00 34.65
1705417230 15:00:30 10 61.62 0.00 5.05 0.00 0.00 0.00 0.00 0.00 0.00 33.33
1705417230 15:00:30 11 59.00 0.00 6.00 0.00 0.00 0.00 0.00 0.00 0.00 35.00
1705417230 15:00:30 12 61.00 0.00 7.00 0.00 0.00 0.00 0.00 0.00 0.00 32.00
1705417230 15:00:30 13 59.00 0.00 6.00 0.00 0.00 0.00 0.00 0.00 0.00 35.00
1705417230 15:00:30 14 60.61 0.00 5.05 0.00 0.00 0.00 0.00 0.00 0.00 34.34
1705417230 15:00:30 15 64.65 0.00 4.04 0.00 0.00 0.00 0.00 0.00 0.00 31.31
1705417231
1705417231 15:00:30 CPU %usr %nice %sys %iowait %irq %soft %steal %guest %gnice %idle
1705417231 15:00:31 all 1.00 0.00 0.25 0.00 0.00 0.00 0.00 0.00 0.00 98.75
1705417231 15:00:31 0 2.00 0.00 1.00 0.00 0.00 0.00 0.00 0.00 0.00 97.00
1705417231 15:00:31 1 0.00 0.00 0.00 0.00 0.00 0.00 0.00 0.00 0.00 100.00
1705417231 15:00:31 2 2.00 0.00 0.00 0.00 0.00 0.00 0.00 0.00 0.00 98.00
1705417231 15:00:31 3 2.02 0.00 0.00 0.00 0.00 0.00 0.00 0.00 0.00 97.98
1705417231 15:00:31 4 1.00 0.00 0.00 0.00 0.00 0.00 0.00 0.00 0.00 99.00
1705417231 15:00:31 5 0.00 0.00 0.00 0.00 0.00 0.00 0.00 0.00 0.00 100.00
1705417231 15:00:31 6 0.00 0.00 0.00 0.00 0.00 0.00 0.00 0.00 0.00 100.00
1705417231 15:00:31 7 0.00 0.00 0.00 0.00 0.00 0.00 0.00 0.00 0.00 100.00
1705417231 15:00:31 8 3.00 0.00 0.00 0.00 0.00 0.00 0.00 0.00 0.00 97.00
1705417231 15:00:31 9 0.00 0.00 0.00 0.00 0.00 0.00 0.00 0.00 0.00 100.00
1705417231 15:00:31 10 0.00 0.00 0.99 0.00 0.00 0.00 0.00 0.00 0.00 99.01
1705417231 15:00:31 11 0.00 0.00 0.00 0.00 0.00 0.00 0.00 0.00 0.00 100.00
1705417231 15:00:31 12 0.00 0.00 0.00 0.00 0.00 0.00 0.00 0.00 0.00 100.00
1705417231 15:00:31 13 2.97 0.00 0.00 0.00 0.00 0.00 0.00 0.00 0.00 97.03
1705417231 15:00:31 14 2.94 0.00 0.98 0.00 0.00 0.00 0.00 0.00 0.00 96.08
1705417231 15:00:31 15 0.00 0.00 1.00 0.00 0.00 0.00 0.00 0.00 0.00 99.00
1705417232
1705417232 15:00:31 CPU %usr %nice %sys %iowait %irq %soft %steal %guest %gnice %idle
1705417232 15:00:32 all 0.94 0.00 0.13 0.06 0.00 0.00 0.00 0.00 0.00 98.87
1705417232 15:00:32 0 0.00 0.00 0.00 0.00 0.00 0.00 0.00 0.00 0.00 100.00
1705417232 15:00:32 1 0.00 0.00 0.00 0.00 0.00 0.00 0.00 0.00 0.00 100.00
1705417232 15:00:32 2 1.00 0.00 0.00 0.00 0.00 0.00 0.00 0.00 0.00 99.00
1705417232 15:00:32 3 0.00 0.00 0.00 0.00 0.00 0.00 0.00 0.00 0.00 100.00
1705417232 15:00:32 4 0.00 0.00 0.00 0.00 0.00 0.00 0.00 0.00 0.00 100.00
1705417232 15:00:32 5 2.02 0.00 0.00 0.00 0.00 0.00 0.00 0.00 0.00 97.98
1705417232 15:00:32 6 2.00 0.00 0.00 0.00 0.00 0.00 0.00 0.00 0.00 98.00
1705417232 15:00:32 7 2.02 0.00 0.00 0.00 0.00 0.00 0.00 0.00 0.00 97.98
1705417232 15:00:32 8 0.00 0.00 0.00 0.00 0.00 0.00 0.00 0.00 0.00 100.00
1705417232 15:00:32 9 0.00 0.00 1.00 0.00 0.00 0.00 0.00 0.00 0.00 99.00
1705417232 15:00:32 10 2.00 0.00 1.00 0.00 0.00 0.00 0.00 0.00 0.00 97.00
1705417232 15:00:32 11 0.00 0.00 0.00 0.00 0.00 0.00 0.00 0.00 0.00 100.00
1705417232 15:00:32 12 2.00 0.00 0.00 0.00 0.00 0.00 0.00 0.00 0.00 98.00
1705417232 15:00:32 13 1.00 0.00 0.00 0.00 0.00 0.00 0.00 0.00 0.00 99.00
1705417232 15:00:32 14 3.00 0.00 0.00 0.00 0.00 0.00 0.00 0.00 0.00 97.00
1705417232 15:00:32 15 0.00 0.00 0.00 0.00 0.00 0.00 0.00 0.00 0.00 100.00
1705417233
1705417233 15:00:32 CPU %usr %nice %sys %iowait %irq %soft %steal %guest %gnice %idle
1705417233 15:00:33 all 0.44 0.00 0.25 0.00 0.00 0.00 0.06 0.00 0.00 99.25
1705417233 15:00:33 0 0.00 0.00 0.00 0.00 0.00 0.00 0.00 0.00 0.00 100.00
1705417233 15:00:33 1 1.00 0.00 0.00 0.00 0.00 0.00 0.00 0.00 0.00 99.00
1705417233 15:00:33 2 1.00 0.00 0.00 0.00 0.00 0.00 0.00 0.00 0.00 99.00
1705417233 15:00:33 3 0.00 0.00 0.00 0.00 0.00 0.00 0.00 0.00 0.00 100.00
1705417233 15:00:33 4 0.00 0.00 1.00 0.00 0.00 0.00 0.00 0.00 0.00 99.00
1705417233 15:00:33 5 0.99 0.00 0.00 0.00 0.00 0.00 0.00 0.00 0.00 99.01
1705417233 15:00:33 6 0.00 0.00 0.00 0.00 0.00 0.00 0.00 0.00 0.00 100.00
1705417233 15:00:33 7 0.00 0.00 0.99 0.00 0.00 0.00 0.00 0.00 0.00 99.01
1705417233 15:00:33 8 0.99 0.00 0.99 0.00 0.00 0.00 0.00 0.00 0.00 98.02
1705417233 15:00:33 9 0.00 0.00 0.00 0.00 0.00 0.00 0.00 0.00 0.00 100.00
1705417233 15:00:33 10 0.00 0.00 0.00 0.00 0.00 0.00 0.00 0.00 0.00 100.00
1705417233 15:00:33 11 0.00 0.00 0.00 0.00 0.00 0.00 0.00 0.00 0.00 100.00
1705417233 15:00:33 12 0.00 0.00 0.00 0.00 0.00 0.00 0.00 0.00 0.00 100.00
1705417233 15:00:33 13 0.00 0.00 0.99 0.00 0.00 0.00 0.00 0.00 0.00 99.01
1705417233 15:00:33 14 0.00 0.00 0.00 0.00 0.00 0.00 0.00 0.00 0.00 100.00
1705417233 15:00:33 15 2.00 0.00 0.00 0.00 0.00 0.00 0.00 0.00 0.00 98.00
1705417234
1705417234 15:00:33 CPU %usr %nice %sys %iowait %irq %soft %steal %guest %gnice %idle
1705417234 15:00:34 all 0.50 0.00 0.12 0.00 0.00 0.00 0.00 0.00 0.00 99.38
1705417234 15:00:34 0 0.99 0.00 0.00 0.00 0.00 0.00 0.00 0.00 0.00 99.01
1705417234 15:00:34 1 0.99 0.00 0.00 0.00 0.00 0.00 0.00 0.00 0.00 99.01
1705417234 15:00:34 2 0.00 0.00 0.00 0.00 0.00 0.00 0.00 0.00 0.00 100.00
1705417234 15:00:34 3 1.00 0.00 0.00 0.00 0.00 0.00 0.00 0.00 0.00 99.00
1705417234 15:00:34 4 0.99 0.00 0.99 0.00 0.00 0.00 0.00 0.00 0.00 98.02
1705417234 15:00:34 5 0.00 0.00 0.00 0.00 0.00 0.00 0.00 0.00 0.00 100.00
1705417234 15:00:34 6 1.00 0.00 0.00 0.00 0.00 0.00 0.00 0.00 0.00 99.00
1705417234 15:00:34 7 0.00 0.00 0.00 0.00 0.00 0.00 0.00 0.00 0.00 100.00
1705417234 15:00:34 8 0.00 0.00 0.00 0.00 0.00 0.00 0.00 0.00 0.00 100.00
1705417234 15:00:34 9 0.00 0.00 0.00 0.00 0.00 0.00 0.00 0.00 0.00 100.00
1705417234 15:00:34 10 1.00 0.00 0.00 0.00 0.00 0.00 0.00 0.00 0.00 99.00
1705417234 15:00:34 11 0.00 0.00 0.00 0.00 0.00 0.00 0.00 0.00 0.00 100.00
1705417234 15:00:34 12 0.99 0.00 0.00 0.00 0.00 0.00 0.00 0.00 0.00 99.01
1705417234 15:00:34 13 0.00 0.00 0.00 0.00 0.00 0.00 0.00 0.00 0.00 100.00
1705417234 15:00:34 14 1.00 0.00 0.00 0.00 0.00 0.00 0.00 0.00 0.00 99.00
1705417234 15:00:34 15 0.99 0.00 0.00 0.00 0.00 0.00 0.00 0.00 0.00 99.01
1705417235
1705417235 15:00:34 CPU %usr %nice %sys %iowait %irq %soft %steal %guest %gnice %idle
1705417235 15:00:35 all 0.38 0.00 0.13 0.00 0.00 0.00 0.00 0.00 0.00 99.50
1705417235 15:00:35 0 0.00 0.00 0.00 0.00 0.00 0.00 0.00 0.00 0.00 100.00
1705417235 15:00:35 1 1.00 0.00 1.00 0.00 0.00 0.00 0.00 0.00 0.00 98.00
1705417235 15:00:35 2 0.99 0.00 0.00 0.00 0.00 0.00 0.00 0.00 0.00 99.01
1705417235 15:00:35 3 0.00 0.00 0.00 0.00 0.00 0.00 0.00 0.00 0.00 100.00
1705417235 15:00:35 4 0.00 0.00 0.00 0.00 0.00 0.00 0.00 0.00 0.00 100.00
1705417235 15:00:35 5 0.00 0.00 0.99 0.00 0.00 0.00 0.00 0.00 0.00 99.01
1705417235 15:00:35 6 0.00 0.00 0.99 0.00 0.00 0.00 0.00 0.00 0.00 99.01
1705417235 15:00:35 7 0.00 0.00 0.00 0.00 0.00 0.00 0.00 0.00 0.00 100.00
1705417235 15:00:35 8 0.00 0.00 0.00 0.00 0.00 0.00 0.00 0.00 0.00 100.00
1705417235 15:00:35 9 0.00 0.00 0.00 0.00 0.00 0.00 0.00 0.00 0.00 100.00
1705417235 15:00:35 10 0.00 0.00 0.00 0.00 0.00 0.00 0.00 0.00 0.00 100.00
1705417235 15:00:35 11 0.00 0.00 0.00 0.00 0.00 0.00 0.00 0.00 0.00 100.00
1705417235 15:00:35 12 1.00 0.00 0.00 0.00 0.00 0.00 0.00 0.00 0.00 99.00
1705417235 15:00:35 13 0.00 0.00 0.00 0.00 0.00 0.00 0.00 0.00 0.00 100.00
1705417235 15:00:35 14 1.00 0.00 0.00 0.00 0.00 0.00 0.00 0.00 0.00 99.00
1705417235 15:00:35 15 0.00 0.00 0.00 0.00 0.00 0.00 0.00 0.00 0.00 100.00
1705417236
1705417236 15:00:35 CPU %usr %nice %sys %iowait %irq %soft %steal %guest %gnice %idle
1705417236 15:00:36 all 0.19 0.00 0.19 0.00 0.00 0.00 0.00 0.00 0.00 99.62
1705417236 15:00:36 0 1.00 0.00 0.00 0.00 0.00 0.00 0.00 0.00 0.00 99.00
1705417236 15:00:36 1 0.00 0.00 0.00 0.00 0.00 0.00 0.00 0.00 0.00 100.00
1705417236 15:00:36 2 0.00 0.00 0.00 0.00 0.00 0.00 0.00 0.00 0.00 100.00
1705417236 15:00:36 3 0.00 0.00 1.00 0.00 0.00 0.00 0.00 0.00 0.00 99.00
1705417236 15:00:36 4 0.00 0.00 0.00 0.00 0.00 0.00 0.00 0.00 0.00 100.00
1705417236 15:00:36 5 1.00 0.00 0.00 0.00 0.00 0.00 0.00 0.00 0.00 99.00
1705417236 15:00:36 6 0.00 0.00 0.00 0.00 0.00 0.00 0.00 0.00 0.00 100.00
1705417236 15:00:36 7 0.00 0.00 0.00 0.00 0.00 0.00 0.00 0.00 0.00 100.00
1705417236 15:00:36 8 1.00 0.00 0.00 0.00 0.00 0.00 0.00 0.00 0.00 99.00
1705417236 15:00:36 9 0.00 0.00 0.00 0.00 0.00 0.00 0.00 0.00 0.00 100.00
1705417236 15:00:36 10 0.00 0.00 0.00 0.00 0.00 0.00 0.00 0.00 0.00 100.00
1705417236 15:00:36 11 0.00 0.00 0.00 0.00 0.00 0.00 0.00 0.00 0.00 100.00
1705417236 15:00:36 12 0.00 0.00 0.00 0.00 0.00 0.00 0.00 0.00 0.00 100.00
1705417236 15:00:36 13 0.00 0.00 0.00 0.00 0.00 0.00 0.00 0.00 0.00 100.00
1705417236 15:00:36 14 0.00 0.00 0.00 0.00 0.00 0.00 0.00 0.00 0.00 100.00
1705417236 15:00:36 15 0.00 0.00 0.00 0.00 0.00 0.00 0.00 0.00 0.00 100.00
1705417237
1705417237 15:00:36 CPU %usr %nice %sys %iowait %irq %soft %steal %guest %gnice %idle
1705417237 15:00:37 all 0.44 0.00 0.38 0.00 0.00 0.00 0.00 0.00 0.00 99.19
1705417237 15:00:37 0 1.00 0.00 0.00 0.00 0.00 0.00 0.00 0.00 0.00 99.00
1705417237 15:00:37 1 0.00 0.00 0.00 0.00 0.00 0.00 0.00 0.00 0.00 100.00
1705417237 15:00:37 2 0.99 0.00 0.00 0.00 0.00 0.00 0.00 0.00 0.00 99.01
1705417237 15:00:37 3 0.00 0.00 0.00 0.00 0.00 0.00 0.00 0.00 0.00 100.00
1705417237 15:00:37 4 0.00 0.00 1.98 0.00 0.00 0.00 0.00 0.00 0.00 98.02
1705417237 15:00:37 5 2.00 0.00 0.00 0.00 0.00 0.00 0.00 0.00 0.00 98.00
1705417237 15:00:37 6 1.00 0.00 0.00 0.00 0.00 0.00 0.00 0.00 0.00 99.00
1705417237 15:00:37 7 0.99 0.00 0.99 0.00 0.00 0.00 0.00 0.00 0.00 98.02
1705417237 15:00:37 8 0.99 0.00 0.00 0.00 0.00 0.00 0.00 0.00 0.00 99.01
1705417237 15:00:37 9 0.99 0.00 0.99 0.00 0.00 0.00 0.00 0.00 0.00 98.02
1705417237 15:00:37 10 1.00 0.00 1.00 0.00 0.00 0.00 0.00 0.00 0.00 98.00
1705417237 15:00:37 11 1.01 0.00 0.00 0.00 0.00 0.00 0.00 0.00 0.00 98.99
1705417237 15:00:37 12 0.00 0.00 0.00 0.00 0.00 0.00 0.00 0.00 0.00 100.00
1705417237 15:00:37 13 0.00 0.00 0.00 0.00 0.00 0.00 0.00 0.00 0.00 100.00
1705417237 15:00:37 14 0.00 0.00 0.00 0.00 0.00 0.00 0.00 0.00 0.00 100.00
1705417237 15:00:37 15 0.00 0.00 0.00 0.00 0.00 0.00 0.00 0.00 0.00 100.00
1705417238
1705417238 15:00:37 CPU %usr %nice %sys %iowait %irq %soft %steal %guest %gnice %idle
1705417238 15:00:38 all 0.94 0.00 0.19 0.00 0.00 0.00 0.00 0.00 0.00 98.87
1705417238 15:00:38 0 1.00 0.00 0.00 0.00 0.00 0.00 0.00 0.00 0.00 99.00
1705417238 15:00:38 1 2.02 0.00 0.00 0.00 0.00 0.00 0.00 0.00 0.00 97.98
1705417238 15:00:38 2 0.00 0.00 1.01 0.00 0.00 0.00 0.00 0.00 0.00 98.99
1705417238 15:00:38 3 2.00 0.00 0.00 0.00 0.00 0.00 0.00 0.00 0.00 98.00
1705417238 15:00:38 4 2.00 0.00 0.00 0.00 0.00 0.00 0.00 0.00 0.00 98.00
1705417238 15:00:38 5 2.94 0.00 0.98 0.00 0.00 0.00 0.00 0.00 0.00 96.08
1705417238 15:00:38 6 0.00 0.00 0.00 0.00 0.00 0.00 0.00 0.00 0.00 100.00
1705417238 15:00:38 7 0.00 0.00 0.00 0.00 0.00 0.00 0.00 0.00 0.00 100.00
1705417238 15:00:38 8 0.00 0.00 0.00 0.00 0.00 0.00 0.00 0.00 0.00 100.00
1705417238 15:00:38 9 1.00 0.00 0.00 0.00 0.00 0.00 0.00 0.00 0.00 99.00
1705417238 15:00:38 10 1.01 0.00 0.00 0.00 0.00 0.00 0.00 0.00 0.00 98.99
1705417238 15:00:38 11 0.00 0.00 1.00 0.00 0.00 0.00 0.00 0.00 0.00 99.00
1705417238 15:00:38 12 0.00 0.00 1.00 0.00 0.00 0.00 0.00 0.00 0.00 99.00
1705417238 15:00:38 13 0.00 0.00 0.99 0.00 0.00 0.00 0.00 0.00 0.00 99.01
1705417238 15:00:38 14 1.00 0.00 0.00 0.00 0.00 0.00 0.00 0.00 0.00 99.00
1705417238 15:00:38 15 0.99 0.00 0.00 0.00 0.00 0.00 0.00 0.00 0.00 99.01
1705417239
1705417239 15:00:38 CPU %usr %nice %sys %iowait %irq %soft %steal %guest %gnice %idle
1705417239 15:00:39 all 0.94 0.00 0.31 0.00 0.00 0.00 0.00 0.00 0.00 98.75
1705417239 15:00:39 0 1.01 0.00 0.00 0.00 0.00 0.00 0.00 0.00 0.00 98.99
1705417239 15:00:39 1 0.99 0.00 0.99 0.00 0.00 0.00 0.00 0.00 0.00 98.02
1705417239 15:00:39 2 1.98 0.00 0.00 0.00 0.00 0.00 0.00 0.00 0.00 98.02
1705417239 15:00:39 3 1.00 0.00 0.00 0.00 0.00 0.00 0.00 0.00 0.00 99.00
1705417239 15:00:39 4 1.00 0.00 1.00 0.00 0.00 0.00 0.00 0.00 0.00 98.00
1705417239 15:00:39 5 2.00 0.00 0.00 0.00 0.00 0.00 0.00 0.00 0.00 98.00
1705417239 15:00:39 6 0.00 0.00 0.99 0.00 0.00 0.00 0.00 0.00 0.00 99.01
1705417239 15:00:39 7 0.00 0.00 0.00 0.00 0.00 0.00 0.00 0.00 0.00 100.00
1705417239 15:00:39 8 0.99 0.00 0.99 0.00 0.00 0.00 0.00 0.00 0.00 98.02
1705417239 15:00:39 9 1.00 0.00 0.00 0.00 0.00 0.00 0.00 0.00 0.00 99.00
1705417239 15:00:39 10 1.98 0.00 0.00 0.00 0.00 0.00 0.00 0.00 0.00 98.02
1705417239 15:00:39 11 1.98 0.00 0.00 0.00 0.00 0.00 0.00 0.00 0.00 98.02
1705417239 15:00:39 12 0.00 0.00 1.00 0.00 0.00 0.00 0.00 0.00 0.00 99.00
1705417239 15:00:39 13 0.99 0.00 0.99 0.00 0.00 0.00 0.00 0.00 0.00 98.02
1705417239 15:00:39 14 1.00 0.00 0.00 0.00 0.00 0.00 0.00 0.00 0.00 99.00
1705417239 15:00:39 15 0.00 0.00 0.00 0.00 0.00 0.00 0.00 0.00 0.00 100.00
1705417240
1705417240 15:00:39 CPU %usr %nice %sys %iowait %irq %soft %steal %guest %gnice %idle
1705417240 15:00:40 all 0.38 0.00 0.06 0.00 0.00 0.00 0.00 0.00 0.00 99.56
1705417240 15:00:40 0 0.99 0.00 0.00 0.00 0.00 0.00 0.00 0.00 0.00 99.01
1705417240 15:00:40 1 0.00 0.00 0.00 0.00 0.00 0.00 0.00 0.00 0.00 100.00
1705417240 15:00:40 2 0.00 0.00 0.99 0.00 0.00 0.00 0.00 0.00 0.00 99.01
1705417240 15:00:40 3 0.00 0.00 0.00 0.00 0.00 0.00 0.00 0.00 0.00 100.00
1705417240 15:00:40 4 0.00 0.00 0.00 0.00 0.00 0.00 0.00 0.00 0.00 100.00
1705417240 15:00:40 5 0.00 0.00 0.00 0.00 0.00 0.00 0.00 0.00 0.00 100.00
1705417240 15:00:40 6 1.01 0.00 0.00 0.00 0.00 0.00 0.00 0.00 0.00 98.99
1705417240 15:00:40 7 0.00 0.00 0.00 0.00 0.00 0.00 0.00 0.00 0.00 100.00
1705417240 15:00:40 8 0.00 0.00 0.00 0.00 0.00 0.00 0.00 0.00 0.00 100.00
1705417240 15:00:40 9 0.00 0.00 0.00 0.00 0.00 0.00 0.00 0.00 0.00 100.00
1705417240 15:00:40 10 0.00 0.00 0.00 0.00 0.00 0.00 0.00 0.00 0.00 100.00
1705417240 15:00:40 11 0.99 0.00 0.00 0.00 0.00 0.00 0.00 0.00 0.00 99.01
1705417240 15:00:40 12 1.00 0.00 0.00 0.00 0.00 0.00 0.00 0.00 0.00 99.00
1705417240 15:00:40 13 0.00 0.00 0.00 0.00 0.00 0.00 0.00 0.00 0.00 100.00
1705417240 15:00:40 14 0.00 0.00 0.00 0.00 0.00 0.00 0.00 0.00 0.00 100.00
1705417240 15:00:40 15 0.00 0.00 0.00 0.00 0.00 0.00 0.00 0.00 0.00 100.00
1705417241
1705417241 15:00:40 CPU %usr %nice %sys %iowait %irq %soft %steal %guest %gnice %idle
1705417241 15:00:41 all 0.31 0.00 0.19 0.00 0.00 0.06 0.00 0.00 0.00 99.44
1705417241 15:00:41 0 0.00 0.00 0.00 0.00 0.00 0.00 0.00 0.00 0.00 100.00
1705417241 15:00:41 1 0.99 0.00 0.00 0.00 0.00 0.00 0.00 0.00 0.00 99.01
1705417241 15:00:41 2 0.00 0.00 0.00 0.00 0.00 0.00 0.00 0.00 0.00 100.00
1705417241 15:00:41 3 1.00 0.00 0.00 0.00 0.00 0.00 0.00 0.00 0.00 99.00
1705417241 15:00:41 4 0.99 0.00 0.99 0.00 0.00 0.00 0.00 0.00 0.00 98.02
1705417241 15:00:41 5 0.00 0.00 0.00 0.00 0.00 0.00 0.00 0.00 0.00 100.00
1705417241 15:00:41 6 0.00 0.00 0.00 0.00 0.00 0.00 0.00 0.00 0.00 100.00
1705417241 15:00:41 7 0.00 0.00 0.00 0.00 0.00 0.00 0.00 0.00 0.00 100.00
1705417241 15:00:41 8 1.01 0.00 0.00 0.00 0.00 0.00 0.00 0.00 0.00 98.99
1705417241 15:00:41 9 0.00 0.00 0.00 0.00 0.00 0.00 0.00 0.00 0.00 100.00
1705417241 15:00:41 10 0.00 0.00 0.99 0.00 0.00 0.00 0.00 0.00 0.00 99.01
1705417241 15:00:41 11 0.00 0.00 1.00 0.00 0.00 0.00 0.00 0.00 0.00 99.00
1705417241 15:00:41 12 0.99 0.00 0.00 0.00 0.00 0.00 0.00 0.00 0.00 99.01
1705417241 15:00:41 13 0.00 0.00 0.00 0.00 0.00 0.00 0.00 0.00 0.00 100.00
1705417241 15:00:41 14 0.00 0.00 0.00 0.00 0.00 0.00 0.00 0.00 0.00 100.00
1705417241 15:00:41 15 0.00 0.00 0.00 0.00 0.00 0.00 0.00 0.00 0.00 100.00
1705417242
1705417242 15:00:41 CPU %usr %nice %sys %iowait %irq %soft %steal %guest %gnice %idle
1705417242 15:00:42 all 0.19 0.00 0.25 0.00 0.00 0.00 0.00 0.00 0.00 99.56
1705417242 15:00:42 0 0.99 0.00 0.00 0.00 0.00 0.00 0.00 0.00 0.00 99.01
1705417242 15:00:42 1 0.00 0.00 0.00 0.00 0.00 0.00 0.00 0.00 0.00 100.00
1705417242 15:00:42 2 0.00 0.00 0.00 0.00 0.00 0.00 0.00 0.00 0.00 100.00
1705417242 15:00:42 3 0.00 0.00 0.00 0.00 0.00 0.00 0.00 0.00 0.00 100.00
1705417242 15:00:42 4 0.00 0.00 0.00 0.00 0.00 0.00 0.00 0.00 0.00 100.00
1705417242 15:00:42 5 1.00 0.00 0.00 0.00 0.00 0.00 0.00 0.00 0.00 99.00
1705417242 15:00:42 6 0.00 0.00 0.00 0.00 0.00 0.00 0.00 0.00 0.00 100.00
1705417242 15:00:42 7 0.00 0.00 0.00 0.00 0.00 0.00 0.00 0.00 0.00 100.00
1705417242 15:00:42 8 0.00 0.00 0.00 0.00 0.00 0.00 0.00 0.00 0.00 100.00
1705417242 15:00:42 9 0.00 0.00 0.00 0.00 0.00 0.00 0.00 0.00 0.00 100.00
1705417242 15:00:42 10 0.00 0.00 1.00 0.00 0.00 0.00 0.00 0.00 0.00 99.00
1705417242 15:00:42 11 0.00 0.00 0.00 0.00 0.00 0.00 0.00 0.00 0.00 100.00
1705417242 15:00:42 12 0.00 0.00 1.00 0.00 0.00 0.00 0.00 0.00 0.00 99.00
1705417242 15:00:42 13 0.00 0.00 0.99 0.00 0.00 0.00 0.00 0.00 0.00 99.01
1705417242 15:00:42 14 0.99 0.00 0.99 0.00 0.00 0.00 0.00 0.00 0.00 98.02
1705417242 15:00:42 15 0.00 0.00 0.00 0.00 0.00 0.00 0.00 0.00 0.00 100.00
1705417243
1705417243 15:00:42 CPU %usr %nice %sys %iowait %irq %soft %steal %guest %gnice %idle
1705417243 15:00:43 all 0.25 0.00 0.19 0.00 0.00 0.00 0.00 0.00 0.00 99.56
1705417243 15:00:43 0 0.00 0.00 0.00 0.00 0.00 0.00 0.00 0.00 0.00 100.00
1705417243 15:00:43 1 0.00 0.00 0.99 0.00 0.00 0.00 0.00 0.00 0.00 99.01
1705417243 15:00:43 2 0.00 0.00 1.00 0.00 0.00 0.00 0.00 0.00 0.00 99.00
1705417243 15:00:43 3 0.00 0.00 0.00 0.00 0.00 0.00 0.00 0.00 0.00 100.00
1705417243 15:00:43 4 0.99 0.00 0.99 0.00 0.00 0.00 0.00 0.00 0.00 98.02
1705417243 15:00:43 5 0.00 0.00 0.00 0.00 0.00 0.00 0.00 0.00 0.00 100.00
1705417243 15:00:43 6 1.00 0.00 0.00 0.00 0.00 0.00 0.00 0.00 0.00 99.00
1705417243 15:00:43 7 0.00 0.00 0.00 0.00 0.00 0.00 0.00 0.00 0.00 100.00
1705417243 15:00:43 8 1.00 0.00 0.00 0.00 0.00 0.00 0.00 0.00 0.00 99.00
1705417243 15:00:43 9 0.00 0.00 0.00 0.00 0.00 0.00 0.00 0.00 0.00 100.00
1705417243 15:00:43 10 0.00 0.00 0.00 0.00 0.00 0.00 0.00 0.00 0.00 100.00
1705417243 15:00:43 11 0.00 0.00 0.00 0.00 0.00 0.00 0.00 0.00 0.00 100.00
1705417243 15:00:43 12 0.00 0.00 0.00 0.00 0.00 0.00 0.00 0.00 0.00 100.00
1705417243 15:00:43 13 0.00 0.00 0.00 0.00 0.00 0.00 0.00 0.00 0.00 100.00
1705417243 15:00:43 14 1.00 0.00 0.00 0.00 0.00 0.00 0.00 0.00 0.00 99.00
1705417243 15:00:43 15 0.00 0.00 0.00 0.00 0.00 0.00 0.00 0.00 0.00 100.00
1705417244
1705417244 15:00:43 CPU %usr %nice %sys %iowait %irq %soft %steal %guest %gnice %idle
1705417244 15:00:44 all 0.31 0.00 0.13 0.00 0.00 0.00 0.00 0.00 0.00 99.56
1705417244 15:00:44 0 1.00 0.00 0.00 0.00 0.00 0.00 0.00 0.00 0.00 99.00
1705417244 15:00:44 1 0.00 0.00 0.00 0.00 0.00 0.00 0.00 0.00 0.00 100.00
1705417244 15:00:44 2 0.00 0.00 0.00 0.00 0.00 0.00 0.00 0.00 0.00 100.00
1705417244 15:00:44 3 0.99 0.00 0.00 0.00 0.00 0.00 0.00 0.00 0.00 99.01
1705417244 15:00:44 4 0.00 0.00 0.99 0.00 0.00 0.00 0.00 0.00 0.00 99.01
1705417244 15:00:44 5 0.00 0.00 0.99 0.00 0.00 0.00 0.00 0.00 0.00 99.01
1705417244 15:00:44 6 0.00 0.00 0.00 0.00 0.00 0.00 0.00 0.00 0.00 100.00
1705417244 15:00:44 7 0.99 0.00 0.00 0.00 0.00 0.00 0.00 0.00 0.00 99.01
1705417244 15:00:44 8 0.00 0.00 0.00 0.00 0.00 0.00 0.00 0.00 0.00 100.00
1705417244 15:00:44 9 0.00 0.00 0.00 0.00 0.00 0.00 0.00 0.00 0.00 100.00
1705417244 15:00:44 10 0.00 0.00 0.00 0.00 0.00 0.99 0.00 0.00 0.00 99.01
1705417244 15:00:44 11 0.00 0.00 0.00 0.00 0.00 0.00 0.00 0.00 0.00 100.00
1705417244 15:00:44 12 0.99 0.00 0.00 0.00 0.00 0.00 0.00 0.00 0.00 99.01
1705417244 15:00:44 13 0.99 0.00 0.00 0.00 0.00 0.00 0.00 0.00 0.00 99.01
1705417244 15:00:44 14 1.00 0.00 0.00 0.00 0.00 0.00 0.00 0.00 0.00 99.00
1705417244 15:00:44 15 0.00 0.00 0.00 0.00 0.00 0.00 0.00 0.00 0.00 100.00
1705417245
1705417245 15:00:44 CPU %usr %nice %sys %iowait %irq %soft %steal %guest %gnice %idle
1705417245 15:00:45 all 0.44 0.00 0.12 0.00 0.00 0.00 0.00 0.00 0.00 99.44
1705417245 15:00:45 0 0.00 0.00 0.00 0.00 0.00 0.00 0.00 0.00 0.00 100.00
1705417245 15:00:45 1 0.00 0.00 0.00 0.00 0.00 0.00 0.00 0.00 0.00 100.00
1705417245 15:00:45 2 0.00 0.00 0.00 0.00 0.00 0.00 0.00 0.00 0.00 100.00
1705417245 15:00:45 3 0.00 0.00 0.00 0.00 0.00 0.00 0.00 0.00 0.00 100.00
1705417245 15:00:45 4 0.00 0.00 0.00 0.00 0.00 0.00 0.00 0.00 0.00 100.00
1705417245 15:00:45 5 1.00 0.00 0.00 0.00 0.00 0.00 0.00 0.00 0.00 99.00
1705417245 15:00:45 6 1.00 0.00 0.00 0.00 0.00 0.00 0.00 0.00 0.00 99.00
1705417245 15:00:45 7 0.00 0.00 0.00 0.00 0.00 0.00 0.00 0.00 0.00 100.00
1705417245 15:00:45 8 0.00 0.00 0.00 0.00 0.00 0.00 0.00 0.00 0.00 100.00
1705417245 15:00:45 9 0.00 0.00 0.00 0.00 0.00 0.00 0.00 0.00 0.00 100.00
1705417245 15:00:45 10 1.00 0.00 0.00 0.00 0.00 0.00 0.00 0.00 0.00 99.00
1705417245 15:00:45 11 0.00 0.00 0.00 0.00 0.00 0.00 0.00 0.00 0.00 100.00
1705417245 15:00:45 12 0.00 0.00 1.00 0.00 0.00 0.00 0.00 0.00 0.00 99.00
1705417245 15:00:45 13 0.00 0.00 0.00 0.00 0.00 0.00 0.00 0.00 0.00 100.00
1705417245 15:00:45 14 0.99 0.00 0.00 0.00 0.00 0.00 0.00 0.00 0.00 99.01
1705417245 15:00:45 15 1.00 0.00 0.00 0.00 0.00 0.00 0.00 0.00 0.00 99.00
1705417246
1705417246 15:00:45 CPU %usr %nice %sys %iowait %irq %soft %steal %guest %gnice %idle
1705417246 15:00:46 all 0.31 0.00 0.13 0.00 0.00 0.00 0.00 0.00 0.00 99.56
1705417246 15:00:46 0 0.99 0.00 0.00 0.00 0.00 0.00 0.00 0.00 0.00 99.01
1705417246 15:00:46 1 1.00 0.00 0.00 0.00 0.00 0.00 0.00 0.00 0.00 99.00
1705417246 15:00:46 2 0.00 0.00 0.00 0.00 0.00 0.00 0.00 0.00 0.00 100.00
1705417246 15:00:46 3 0.00 0.00 0.00 0.00 0.00 0.00 0.00 0.00 0.00 100.00
1705417246 15:00:46 4 1.00 0.00 0.00 0.00 0.00 0.00 0.00 0.00 0.00 99.00
1705417246 15:00:46 5 0.00 0.00 0.00 0.00 0.00 0.00 0.00 0.00 0.00 100.00
1705417246 15:00:46 6 0.99 0.00 0.00 0.00 0.00 0.00 0.00 0.00 0.00 99.01
1705417246 15:00:46 7 0.99 0.00 0.00 0.00 0.00 0.00 0.00 0.00 0.00 99.01
1705417246 15:00:46 8 1.00 0.00 0.00 0.00 0.00 0.00 0.00 0.00 0.00 99.00
1705417246 15:00:46 9 0.00 0.00 0.00 0.00 0.00 0.00 0.00 0.00 0.00 100.00
1705417246 15:00:46 10 0.00 0.00 0.00 0.00 0.00 0.00 0.00 0.00 0.00 100.00
1705417246 15:00:46 11 0.00 0.00 0.00 0.00 0.00 0.00 0.00 0.00 0.00 100.00
1705417246 15:00:46 12 1.00 0.00 0.00 0.00 0.00 0.00 0.00 0.00 0.00 99.00
1705417246 15:00:46 13 0.00 0.00 0.99 0.00 0.00 0.00 0.00 0.00 0.00 99.01
1705417246 15:00:46 14 0.99 0.00 0.00 0.00 0.00 0.00 0.00 0.00 0.00 99.01
1705417246 15:00:46 15 0.00 0.00 0.00 0.00 0.00 0.00 0.00 0.00 0.00 100.00
1705417247
1705417247 15:00:46 CPU %usr %nice %sys %iowait %irq %soft %steal %guest %gnice %idle
1705417247 15:00:47 all 0.37 0.00 0.19 0.00 0.00 0.00 0.00 0.00 0.00 99.44
1705417247 15:00:47 0 0.00 0.00 0.00 0.00 0.00 0.00 0.00 0.00 0.00 100.00
1705417247 15:00:47 1 0.00 0.00 0.00 0.00 0.00 0.00 0.00 0.00 0.00 100.00
1705417247 15:00:47 2 0.00 0.00 0.00 0.00 0.00 0.00 0.00 0.00 0.00 100.00
1705417247 15:00:47 3 0.00 0.00 0.00 0.00 0.00 0.00 0.00 0.00 0.00 100.00
1705417247 15:00:47 4 1.00 0.00 0.00 0.00 0.00 0.00 0.00 0.00 0.00 99.00
1705417247 15:00:47 5 0.00 0.00 0.00 0.00 0.00 0.00 0.00 0.00 0.00 100.00
1705417247 15:00:47 6 0.00 0.00 1.00 0.00 0.00 0.00 0.00 0.00 0.00 99.00
1705417247 15:00:47 7 0.00 0.00 0.00 0.00 0.00 0.00 0.00 0.00 0.00 100.00
1705417247 15:00:47 8 1.00 0.00 0.00 0.00 0.00 0.00 0.00 0.00 0.00 99.00
1705417247 15:00:47 9 0.00 0.00 0.00 0.00 0.00 0.00 0.00 0.00 0.00 100.00
1705417247 15:00:47 10 0.99 0.00 0.00 0.00 0.00 0.00 0.00 0.00 0.00 99.01
1705417247 15:00:47 11 0.00 0.00 0.00 0.00 0.00 0.00 0.00 0.00 0.00 100.00
1705417247 15:00:47 12 0.00 0.00 0.00 0.00 0.00 0.00 0.00 0.00 0.00 100.00
1705417247 15:00:47 13 0.00 0.00 0.00 0.00 0.00 0.00 0.00 0.00 0.00 100.00
1705417247 15:00:47 14 1.00 0.00 1.00 0.00 0.00 0.00 0.00 0.00 0.00 98.00
1705417247 15:00:47 15 0.00 0.00 0.00 0.00 0.00 0.00 0.00 0.00 0.00 100.00
1705417248
1705417248 15:00:47 CPU %usr %nice %sys %iowait %irq %soft %steal %guest %gnice %idle
1705417248 15:00:48 all 0.31 0.00 0.19 0.00 0.00 0.00 0.00 0.00 0.00 99.50
1705417248 15:00:48 0 0.00 0.00 0.00 0.00 0.00 0.00 0.00 0.00 0.00 100.00
1705417248 15:00:48 1 0.00 0.00 0.00 0.00 0.00 0.00 0.00 0.00 0.00 100.00
1705417248 15:00:48 2 0.00 0.00 0.00 0.00 0.00 0.00 0.00 0.00 0.00 100.00
1705417248 15:00:48 3 0.00 0.00 0.00 0.00 0.00 0.00 0.00 0.00 0.00 100.00
1705417248 15:00:48 4 1.00 0.00 0.00 0.00 0.00 0.00 0.00 0.00 0.00 99.00
1705417248 15:00:48 5 0.00 0.00 0.00 0.00 0.00 0.00 0.00 0.00 0.00 100.00
1705417248 15:00:48 6 1.98 0.00 0.00 0.00 0.00 0.00 0.00 0.00 0.00 98.02
1705417248 15:00:48 7 1.00 0.00 0.00 0.00 0.00 0.00 0.00 0.00 0.00 99.00
1705417248 15:00:48 8 0.00 0.00 0.99 0.00 0.00 0.00 0.00 0.00 0.00 99.01
1705417248 15:00:48 9 0.00 0.00 0.00 0.00 0.00 0.00 0.00 0.00 0.00 100.00
1705417248 15:00:48 10 0.00 0.00 0.00 0.00 0.00 0.00 0.00 0.00 0.00 100.00
1705417248 15:00:48 11 0.00 0.00 0.99 0.00 0.00 0.00 0.00 0.00 0.00 99.01
1705417248 15:00:48 12 0.00 0.00 0.00 0.00 0.00 0.00 0.00 0.00 0.00 100.00
1705417248 15:00:48 13 0.00 0.00 0.00 0.00 0.00 0.00 0.00 0.00 0.00 100.00
1705417248 15:00:48 14 1.98 0.00 0.00 0.00 0.00 0.00 0.00 0.00 0.00 98.02
1705417248 15:00:48 15 1.00 0.00 0.00 0.00 0.00 0.00 0.00 0.00 0.00 99.00
1705417249
1705417249 15:00:48 CPU %usr %nice %sys %iowait %irq %soft %steal %guest %gnice %idle
1705417249 15:00:49 all 0.44 0.00 0.13 0.00 0.00 0.00 0.00 0.00 0.00 99.44
1705417249 15:00:49 0 0.00 0.00 0.00 0.00 0.00 0.00 0.00 0.00 0.00 100.00
1705417249 15:00:49 1 0.00 0.00 0.00 0.00 0.00 0.00 0.00 0.00 0.00 100.00
1705417249 15:00:49 2 0.00 0.00 1.00 0.00 0.00 0.00 0.00 0.00 0.00 99.00
1705417249 15:00:49 3 1.98 0.00 0.00 0.00 0.00 0.00 0.00 0.00 0.00 98.02
1705417249 15:00:49 4 0.00 0.00 1.00 0.00 0.00 0.00 0.00 0.00 0.00 99.00
1705417249 15:00:49 5 0.99 0.00 0.00 0.00 0.00 0.00 0.00 0.00 0.00 99.01
1705417249 15:00:49 6 0.00 0.00 1.00 0.00 0.00 0.00 0.00 0.00 0.00 99.00
1705417249 15:00:49 7 0.00 0.00 0.00 0.00 0.00 0.00 0.00 0.00 0.00 100.00
1705417249 15:00:49 8 1.00 0.00 0.00 0.00 0.00 0.00 0.00 0.00 0.00 99.00
1705417249 15:00:49 9 0.00 0.00 0.00 0.00 0.00 0.00 0.00 0.00 0.00 100.00
1705417249 15:00:49 10 0.00 0.00 0.00 0.00 0.00 0.00 0.00 0.00 0.00 100.00
1705417249 15:00:49 11 0.00 0.00 0.00 0.00 0.00 0.00 0.00 0.00 0.00 100.00
1705417249 15:00:49 12 0.99 0.00 0.99 0.00 0.00 0.00 0.00 0.00 0.00 98.02
1705417249 15:00:49 13 0.00 0.00 0.00 0.00 0.00 0.00 0.00 0.00 0.00 100.00
1705417249 15:00:49 14 0.00 0.00 0.00 0.00 0.00 0.00 0.00 0.00 0.00 100.00
1705417249 15:00:49 15 0.00 0.00 0.00 0.00 0.00 0.00 0.00 0.00 0.00 100.00
1705417250
1705417250 15:00:49 CPU %usr %nice %sys %iowait %irq %soft %steal %guest %gnice %idle
1705417250 15:00:50 all 0.19 0.00 0.38 0.00 0.00 0.00 0.00 0.00 0.00 99.44
1705417250 15:00:50 0 0.00 0.00 1.00 0.00 0.00 0.00 0.00 0.00 0.00 99.00
1705417250 15:00:50 1 1.00 0.00 0.00 0.00 0.00 0.00 0.00 0.00 0.00 99.00
1705417250 15:00:50 2 0.00 0.00 0.00 0.00 0.00 0.00 0.00 0.00 0.00 100.00
1705417250 15:00:50 3 0.00 0.00 1.00 0.00 0.00 0.00 0.00 0.00 0.00 99.00
1705417250 15:00:50 4 0.00 0.00 0.99 0.00 0.00 0.00 0.00 0.00 0.00 99.01
1705417250 15:00:50 5 0.00 0.00 0.00 0.00 0.00 0.00 0.00 0.00 0.00 100.00
1705417250 15:00:50 6 0.00 0.00 0.00 0.00 0.00 0.00 0.00 0.00 0.00 100.00
1705417250 15:00:50 7 0.00 0.00 0.00 0.00 0.00 0.00 0.00 0.00 0.00 100.00
1705417250 15:00:50 8 0.00 0.00 0.00 0.00 0.00 0.00 0.00 0.00 0.00 100.00
1705417250 15:00:50 9 0.00 0.00 1.00 0.00 0.00 0.00 0.00 0.00 0.00 99.00
1705417250 15:00:50 10 0.00 0.00 0.00 0.00 0.00 0.00 0.00 0.00 0.00 100.00
1705417250 15:00:50 11 0.00 0.00 1.00 0.00 0.00 0.00 0.00 0.00 0.00 99.00
1705417250 15:00:50 12 0.00 0.00 0.00 0.00 0.00 0.00 0.00 0.00 0.00 100.00
1705417250 15:00:50 13 0.00 0.00 0.00 0.00 0.00 0.00 0.00 0.00 0.00 100.00
1705417250 15:00:50 14 1.00 0.00 0.00 0.00 0.00 0.00 0.00 0.00 0.00 99.00
1705417250 15:00:50 15 0.00 0.00 1.00 0.00 0.00 0.00 0.00 0.00 0.00 99.00
1705417251
1705417251 15:00:50 CPU %usr %nice %sys %iowait %irq %soft %steal %guest %gnice %idle
1705417251 15:00:51 all 0.25 0.00 0.25 0.00 0.00 0.00 0.00 0.00 0.00 99.50
1705417251 15:00:51 0 0.00 0.00 0.00 0.00 0.00 0.00 0.00 0.00 0.00 100.00
1705417251 15:00:51 1 0.00 0.00 0.99 0.00 0.00 0.00 0.00 0.00 0.00 99.01
1705417251 15:00:51 2 0.00 0.00 0.00 0.00 0.00 0.00 0.00 0.00 0.00 100.00
1705417251 15:00:51 3 0.00 0.00 0.00 0.00 0.00 0.00 0.00 0.00 0.00 100.00
1705417251 15:00:51 4 1.00 0.00 0.00 0.00 0.00 0.00 0.00 0.00 0.00 99.00
1705417251 15:00:51 5 0.99 0.00 0.99 0.00 0.00 0.00 0.00 0.00 0.00 98.02
1705417251 15:00:51 6 0.99 0.00 0.00 0.00 0.00 0.00 0.00 0.00 0.00 99.01
1705417251 15:00:51 7 0.00 0.00 0.00 0.00 0.00 0.00 0.00 0.00 0.00 100.00
1705417251 15:00:51 8 0.00 0.00 0.00 0.00 0.00 0.00 0.00 0.00 0.00 100.00
1705417251 15:00:51 9 0.99 0.00 0.00 0.00 0.00 0.00 0.00 0.00 0.00 99.01
1705417251 15:00:51 10 1.00 0.00 0.00 0.00 0.00 0.00 0.00 0.00 0.00 99.00
1705417251 15:00:51 11 0.00 0.00 0.00 0.00 0.00 0.00 0.00 0.00 0.00 100.00
1705417251 15:00:51 12 0.00 0.00 0.00 0.00 0.00 0.00 0.00 0.00 0.00 100.00
1705417251 15:00:51 13 0.00 0.00 0.99 0.00 0.00 0.00 0.00 0.00 0.00 99.01
1705417251 15:00:51 14 1.00 0.00 0.00 0.00 0.00 0.00 0.00 0.00 0.00 99.00
1705417251 15:00:51 15 0.00 0.00 0.00 0.00 0.00 0.00 0.00 0.00 0.00 100.00
1705417252
1705417252 15:00:51 CPU %usr %nice %sys %iowait %irq %soft %steal %guest %gnice %idle
1705417252 15:00:52 all 0.06 0.00 0.12 0.00 0.00 0.00 0.00 0.00 0.00 99.81
1705417252 15:00:52 0 0.99 0.00 0.00 0.00 0.00 0.00 0.00 0.00 0.00 99.01
1705417252 15:00:52 1 0.00 0.00 0.00 0.00 0.00 0.00 0.00 0.00 0.00 100.00
1705417252 15:00:52 2 0.00 0.00 1.00 0.00 0.00 0.00 0.00 0.00 0.00 99.00
1705417252 15:00:52 3 0.00 0.00 0.00 0.00 0.00 0.00 0.00 0.00 0.00 100.00
1705417252 15:00:52 4 0.00 0.00 1.00 0.00 0.00 0.00 0.00 0.00 0.00 99.00
1705417252 15:00:52 5 0.00 0.00 0.00 0.00 0.00 0.00 0.00 0.00 0.00 100.00
1705417252 15:00:52 6 0.00 0.00 0.00 0.00 0.00 0.00 0.00 0.00 0.00 100.00
1705417252 15:00:52 7 0.00 0.00 0.00 0.00 0.00 0.00 0.00 0.00 0.00 100.00
1705417252 15:00:52 8 0.00 0.00 0.00 0.00 0.00 0.00 0.00 0.00 0.00 100.00
1705417252 15:00:52 9 0.00 0.00 0.00 0.00 0.00 0.00 0.00 0.00 0.00 100.00
1705417252 15:00:52 10 0.00 0.00 0.00 0.00 0.00 0.00 0.00 0.00 0.00 100.00
1705417252 15:00:52 11 0.00 0.00 0.99 0.00 0.00 0.00 0.00 0.00 0.00 99.01
1705417252 15:00:52 12 0.98 0.00 0.98 0.00 0.00 0.00 0.00 0.00 0.00 98.04
1705417252 15:00:52 13 0.00 0.00 0.00 0.00 0.00 0.00 0.00 0.00 0.00 100.00
1705417252 15:00:52 14 0.00 0.00 0.00 0.00 0.00 0.00 0.00 0.00 0.00 100.00
1705417252 15:00:52 15 0.00 0.00 0.00 0.00 0.00 0.00 0.00 0.00 0.00 100.00
1705417253
1705417253 15:00:52 CPU %usr %nice %sys %iowait %irq %soft %steal %guest %gnice %idle
1705417253 15:00:53 all 0.06 0.00 0.19 0.00 0.00 0.00 0.00 0.00 0.00 99.75
1705417253 15:00:53 0 0.00 0.00 0.00 0.00 0.00 0.00 0.00 0.00 0.00 100.00
1705417253 15:00:53 1 0.00 0.00 0.00 0.00 0.00 0.00 0.00 0.00 0.00 100.00
1705417253 15:00:53 2 0.99 0.00 0.00 0.00 0.00 0.00 0.00 0.00 0.00 99.01
1705417253 15:00:53 3 0.00 0.00 0.00 0.00 0.00 0.00 0.00 0.00 0.00 100.00
1705417253 15:00:53 4 0.00 0.00 0.99 0.00 0.00 0.00 0.00 0.00 0.00 99.01
1705417253 15:00:53 5 0.00 0.00 0.00 0.00 0.00 0.00 0.00 0.00 0.00 100.00
1705417253 15:00:53 6 0.00 0.00 0.00 0.00 0.00 0.00 0.00 0.00 0.00 100.00
1705417253 15:00:53 7 0.00 0.00 0.00 0.00 0.00 0.00 0.00 0.00 0.00 100.00
1705417253 15:00:53 8 0.00 0.00 0.00 0.00 0.00 0.00 0.00 0.00 0.00 100.00
1705417253 15:00:53 9 0.00 0.00 0.00 0.00 0.00 0.00 0.00 0.00 0.00 100.00
1705417253 15:00:53 10 0.00 0.00 0.99 0.00 0.00 0.00 0.00 0.00 0.00 99.01
1705417253 15:00:53 11 0.00 0.00 0.00 0.00 0.00 0.00 0.00 0.00 0.00 100.00
1705417253 15:00:53 12 0.00 0.00 0.00 0.00 0.00 0.00 0.00 0.00 0.00 100.00
1705417253 15:00:53 13 0.00 0.00 0.00 0.00 0.00 0.00 0.00 0.00 0.00 100.00
1705417253 15:00:53 14 0.00 0.00 0.00 0.00 0.00 0.00 0.00 0.00 0.00 100.00
1705417253 15:00:53 15 0.00 0.00 0.00 0.00 0.00 0.00 0.00 0.00 0.00 100.00
1705417254
1705417254 15:00:53 CPU %usr %nice %sys %iowait %irq %soft %steal %guest %gnice %idle
1705417254 15:00:54 all 0.06 0.00 0.12 0.00 0.00 0.00 0.00 0.00 0.00 99.81
1705417254 15:00:54 0 0.00 0.00 0.00 0.00 0.00 0.00 0.00 0.00 0.00 100.00
1705417254 15:00:54 1 0.00 0.00 0.00 0.00 0.00 0.00 0.00 0.00 0.00 100.00
1705417254 15:00:54 2 0.00 0.00 1.00 0.00 0.00 0.00 0.00 0.00 0.00 99.00
1705417254 15:00:54 3 0.00 0.00 0.00 0.00 0.00 0.00 0.00 0.00 0.00 100.00
1705417254 15:00:54 4 0.00 0.00 0.00 0.00 0.00 0.00 0.00 0.00 0.00 100.00
1705417254 15:00:54 5 0.00 0.00 0.00 0.00 0.00 0.00 0.00 0.00 0.00 100.00
1705417254 15:00:54 6 0.00 0.00 0.00 0.00 0.00 0.00 0.00 0.00 0.00 100.00
1705417254 15:00:54 7 0.00 0.00 0.00 0.00 0.00 0.00 0.00 0.00 0.00 100.00
1705417254 15:00:54 8 0.00 0.00 0.00 0.00 0.00 0.00 0.00 0.00 0.00 100.00
1705417254 15:00:54 9 0.00 0.00 0.00 0.00 0.00 0.00 0.00 0.00 0.00 100.00
1705417254 15:00:54 10 0.00 0.00 0.00 0.00 0.00 0.00 0.00 0.00 0.00 100.00
1705417254 15:00:54 11 0.00 0.00 0.00 0.00 0.00 0.00 0.00 0.00 0.00 100.00
1705417254 15:00:54 12 0.00 0.00 0.00 0.00 0.00 0.00 0.00 0.00 0.00 100.00
1705417254 15:00:54 13 0.00 0.00 0.00 0.00 0.00 0.00 0.00 0.00 0.00 100.00
1705417254 15:00:54 14 0.00 0.00 0.00 0.00 0.00 0.00 0.00 0.00 0.00 100.00
1705417254 15:00:54 15 0.00 0.00 0.00 0.00 0.00 0.00 0.00 0.00 0.00 100.00
1705417255
1705417255 15:00:54 CPU %usr %nice %sys %iowait %irq %soft %steal %guest %gnice %idle
1705417255 15:00:55 all 0.06 0.00 0.12 0.00 0.00 0.00 0.00 0.00 0.00 99.81
1705417255 15:00:55 0 0.00 0.00 0.00 0.00 0.00 0.00 0.00 0.00 0.00 100.00
1705417255 15:00:55 1 0.99 0.00 0.00 0.00 0.00 0.00 0.00 0.00 0.00 99.01
1705417255 15:00:55 2 0.00 0.00 0.00 0.00 0.00 0.00 0.00 0.00 0.00 100.00
1705417255 15:00:55 3 0.00 0.00 0.00 0.00 0.00 0.00 0.00 0.00 0.00 100.00
1705417255 15:00:55 4 0.00 0.00 0.00 0.00 0.00 0.00 0.00 0.00 0.00 100.00
1705417255 15:00:55 5 0.00 0.00 0.00 0.00 0.00 0.00 0.00 0.00 0.00 100.00
1705417255 15:00:55 6 0.99 0.00 0.00 0.00 0.00 0.00 0.00 0.00 0.00 99.01
1705417255 15:00:55 7 0.00 0.00 0.00 0.00 0.00 0.00 0.00 0.00 0.00 100.00
1705417255 15:00:55 8 0.99 0.00 0.00 0.00 0.00 0.00 0.00 0.00 0.00 99.01
1705417255 15:00:55 9 0.00 0.00 0.00 0.00 0.00 0.00 0.00 0.00 0.00 100.00
1705417255 15:00:55 10 0.00 0.00 0.00 0.00 0.00 0.00 0.00 0.00 0.00 100.00
1705417255 15:00:55 11 0.00 0.00 0.00 0.00 0.00 0.00 0.00 0.00 0.00 100.00
1705417255 15:00:55 12 0.98 0.00 0.98 0.00 0.00 0.00 0.00 0.00 0.00 98.04
1705417255 15:00:55 13 0.00 0.00 0.00 0.00 0.00 0.00 0.00 0.00 0.00 100.00
1705417255 15:00:55 14 0.00 0.00 0.00 0.00 0.00 0.00 0.00 0.00 0.00 100.00
1705417255 15:00:55 15 0.00 0.00 0.00 0.00 0.00 0.00 0.00 0.00 0.00 100.00
1705417256
1705417256 15:00:55 CPU %usr %nice %sys %iowait %irq %soft %steal %guest %gnice %idle
1705417256 15:00:56 all 0.12 0.00 0.06 0.00 0.00 0.00 0.06 0.00 0.00 99.75
1705417256 15:00:56 0 0.00 0.00 0.00 0.00 0.00 0.00 0.00 0.00 0.00 100.00
1705417256 15:00:56 1 0.00 0.00 0.00 0.00 0.00 0.00 0.00 0.00 0.00 100.00
1705417256 15:00:56 2 0.00 0.00 1.00 0.00 0.00 0.00 0.00 0.00 0.00 99.00
1705417256 15:00:56 3 0.00 0.00 0.00 0.00 0.00 0.00 0.00 0.00 0.00 100.00
1705417256 15:00:56 4 0.98 0.00 0.98 0.00 0.00 0.00 0.00 0.00 0.00 98.04
1705417256 15:00:56 5 0.00 0.00 0.00 0.00 0.00 0.00 0.00 0.00 0.00 100.00
1705417256 15:00:56 6 0.00 0.00 0.00 0.00 0.00 0.00 0.00 0.00 0.00 100.00
1705417256 15:00:56 7 0.00 0.00 0.00 0.00 0.00 0.00 0.00 0.00 0.00 100.00
1705417256 15:00:56 8 0.00 0.00 0.00 0.00 0.00 0.00 0.00 0.00 0.00 100.00
1705417256 15:00:56 9 0.00 0.00 0.00 0.00 0.00 0.00 0.00 0.00 0.00 100.00
1705417256 15:00:56 10 0.00 0.00 0.00 0.00 0.00 0.00 0.00 0.00 0.00 100.00
1705417256 15:00:56 11 0.00 0.00 0.00 0.00 0.00 0.00 0.00 0.00 0.00 100.00
1705417256 15:00:56 12 0.00 0.00 0.00 0.00 0.00 0.00 0.00 0.00 0.00 100.00
1705417256 15:00:56 13 0.00 0.00 0.00 0.00 0.00 0.00 0.00 0.00 0.00 100.00
1705417256 15:00:56 14 0.00 0.00 0.00 0.00 0.00 0.00 0.00 0.00 0.00 100.00
1705417256 15:00:56 15 0.00 0.00 0.00 0.00 0.00 0.00 0.00 0.00 0.00 100.00
1705417257
1705417257 15:00:56 CPU %usr %nice %sys %iowait %irq %soft %steal %guest %gnice %idle
1705417257 15:00:57 all 0.06 0.00 0.12 0.00 0.00 0.00 0.00 0.00 0.00 99.81
1705417257 15:00:57 0 0.00 0.00 0.00 0.00 0.00 0.00 0.00 0.00 0.00 100.00
1705417257 15:00:57 1 0.00 0.00 0.00 0.00 0.00 0.00 0.00 0.00 0.00 100.00
1705417257 15:00:57 2 0.00 0.00 0.00 0.00 0.00 0.00 0.00 0.00 0.00 100.00
1705417257 15:00:57 3 0.00 0.00 0.00 0.00 0.00 0.00 0.00 0.00 0.00 100.00
1705417257 15:00:57 4 0.00 0.00 1.00 0.00 0.00 0.00 0.00 0.00 0.00 99.00
1705417257 15:00:57 5 0.00 0.00 0.00 0.00 0.00 0.00 0.00 0.00 0.00 100.00
1705417257 15:00:57 6 0.00 0.00 0.00 0.00 0.00 0.00 0.00 0.00 0.00 100.00
1705417257 15:00:57 7 0.00 0.00 0.00 0.00 0.00 0.00 0.00 0.00 0.00 100.00
1705417257 15:00:57 8 0.00 0.00 0.00 0.00 0.00 0.00 0.00 0.00 0.00 100.00
1705417257 15:00:57 9 0.00 0.00 1.00 0.00 0.00 0.00 0.00 0.00 0.00 99.00
1705417257 15:00:57 10 0.00 0.00 0.00 0.00 0.00 0.00 0.00 0.00 0.00 100.00
1705417257 15:00:57 11 0.00 0.00 0.00 0.00 0.00 0.00 0.00 0.00 0.00 100.00
1705417257 15:00:57 12 0.00 0.00 1.00 0.00 0.00 0.00 0.00 0.00 0.00 99.00
1705417257 15:00:57 13 0.00 0.00 0.00 0.00 0.00 0.00 0.00 0.00 0.00 100.00
1705417257 15:00:57 14 0.00 0.00 0.00 0.00 0.00 0.00 0.00 0.00 0.00 100.00
1705417257 15:00:57 15 0.00 0.00 0.00 0.00 0.00 0.00 0.00 0.00 0.00 100.00
1705417258
1705417258 15:00:57 CPU %usr %nice %sys %iowait %irq %soft %steal %guest %gnice %idle
1705417258 15:00:58 all 0.06 0.00 0.13 0.00 0.00 0.00 0.00 0.00 0.00 99.81
1705417258 15:00:58 0 0.00 0.00 0.00 0.00 0.00 0.00 0.00 0.00 0.00 100.00
1705417258 15:00:58 1 0.00 0.00 0.00 0.00 0.00 0.00 0.00 0.00 0.00 100.00
1705417258 15:00:58 2 0.00 0.00 0.00 0.00 0.00 0.00 0.00 0.00 0.00 100.00
1705417258 15:00:58 3 0.00 0.00 0.99 0.00 0.00 0.00 0.00 0.00 0.00 99.01
1705417258 15:00:58 4 0.99 0.00 0.00 0.00 0.00 0.00 0.00 0.00 0.00 99.01
1705417258 15:00:58 5 0.00 0.00 0.00 0.00 0.00 0.00 0.00 0.00 0.00 100.00
1705417258 15:00:58 6 0.00 0.00 0.00 0.00 0.00 0.00 0.00 0.00 0.00 100.00
1705417258 15:00:58 7 0.00 0.00 0.00 0.00 0.00 0.00 0.00 0.00 0.00 100.00
1705417258 15:00:58 8 0.00 0.00 0.00 0.00 0.00 0.00 0.00 0.00 0.00 100.00
1705417258 15:00:58 9 0.00 0.00 0.00 0.00 0.00 0.00 0.00 0.00 0.00 100.00
1705417258 15:00:58 10 0.00 0.00 0.00 0.00 0.00 0.00 0.00 0.00 0.00 100.00
1705417258 15:00:58 11 0.00 0.00 0.00 0.00 0.00 0.00 0.00 0.00 0.00 100.00
1705417258 15:00:58 12 0.00 0.00 0.00 0.00 0.00 0.00 0.00 0.00 0.00 100.00
1705417258 15:00:58 13 0.00 0.00 0.00 0.00 0.00 0.00 0.00 0.00 0.00 100.00
1705417258 15:00:58 14 0.00 0.00 0.00 0.00 0.00 0.00 0.00 0.00 0.00 100.00
1705417258 15:00:58 15 0.00 0.00 0.00 0.00 0.00 0.00 0.00 0.00 0.00 100.00
1705417259
1705417259 15:00:58 CPU %usr %nice %sys %iowait %irq %soft %steal %guest %gnice %idle
1705417259 15:00:59 all 0.00 0.00 0.13 0.00 0.00 0.00 0.00 0.00 0.00 99.87
1705417259 15:00:59 0 0.00 0.00 0.00 0.00 0.00 0.00 0.00 0.00 0.00 100.00
1705417259 15:00:59 1 0.00 0.00 0.00 0.00 0.00 0.00 0.00 0.00 0.00 100.00
1705417259 15:00:59 2 0.00 0.00 0.00 0.00 0.00 0.00 0.00 0.00 0.00 100.00
1705417259 15:00:59 3 0.00 0.00 0.00 0.00 0.00 0.00 0.00 0.00 0.00 100.00
1705417259 15:00:59 4 0.00 0.00 1.00 0.00 0.00 0.00 0.00 0.00 0.00 99.00
1705417259 15:00:59 5 0.00 0.00 1.00 0.00 0.00 0.00 0.00 0.00 0.00 99.00
1705417259 15:00:59 6 0.00 0.00 0.00 0.00 0.00 0.00 0.00 0.00 0.00 100.00
1705417259 15:00:59 7 0.00 0.00 0.00 0.00 0.00 0.00 0.00 0.00 0.00 100.00
1705417259 15:00:59 8 0.00 0.00 0.00 0.00 0.00 0.00 0.00 0.00 0.00 100.00
1705417259 15:00:59 9 0.00 0.00 0.00 0.00 0.00 0.00 0.00 0.00 0.00 100.00
1705417259 15:00:59 10 0.00 0.00 1.00 0.00 0.00 0.00 0.00 0.00 0.00 99.00
1705417259 15:00:59 11 0.00 0.00 0.00 0.00 0.00 0.00 0.00 0.00 0.00 100.00
1705417259 15:00:59 12 0.99 0.00 0.00 0.00 0.00 0.00 0.00 0.00 0.00 99.01
1705417259 15:00:59 13 0.00 0.00 0.00 0.00 0.00 0.00 0.00 0.00 0.00 100.00
1705417259 15:00:59 14 0.00 0.00 0.00 0.00 0.00 0.00 0.00 0.00 0.00 100.00
1705417259 15:00:59 15 0.00 0.00 0.00 0.00 0.00 0.00 0.00 0.00 0.00 100.00
1705417260
1705417260 15:00:59 CPU %usr %nice %sys %iowait %irq %soft %steal %guest %gnice %idle
1705417260 15:01:00 all 0.06 0.00 0.12 0.00 0.00 0.00 0.00 0.00 0.00 99.81
1705417260 15:01:00 0 0.00 0.00 0.00 0.00 0.00 0.00 0.00 0.00 0.00 100.00
1705417260 15:01:00 1 0.00 0.00 0.00 0.00 0.00 0.00 0.00 0.00 0.00 100.00
1705417260 15:01:00 2 0.00 0.00 0.00 0.00 0.00 0.00 0.00 0.00 0.00 100.00
1705417260 15:01:00 3 0.00 0.00 0.00 0.00 0.00 0.00 0.00 0.00 0.00 100.00
1705417260 15:01:00 4 0.00 0.00 0.99 0.00 0.00 0.00 0.00 0.00 0.00 99.01
1705417260 15:01:00 5 0.00 0.00 0.00 0.00 0.00 0.00 0.00 0.00 0.00 100.00
1705417260 15:01:00 6 0.00 0.00 0.00 0.00 0.00 0.00 0.00 0.00 0.00 100.00
1705417260 15:01:00 7 0.00 0.00 0.00 0.00 0.00 0.00 0.00 0.00 0.00 100.00
1705417260 15:01:00 8 0.00 0.00 0.00 0.00 0.00 0.00 0.00 0.00 0.00 100.00
1705417260 15:01:00 9 0.00 0.00 0.00 0.00 0.00 0.00 0.00 0.00 0.00 100.00
1705417260 15:01:00 10 0.00 0.00 0.00 0.00 0.00 0.00 0.00 0.00 0.00 100.00
1705417260 15:01:00 11 0.00 0.00 0.00 0.00 0.00 0.00 0.00 0.00 0.00 100.00
1705417260 15:01:00 12 0.00 0.00 0.99 0.00 0.00 0.00 0.00 0.00 0.00 99.01
1705417260 15:01:00 13 0.00 0.00 0.00 0.00 0.00 0.00 0.00 0.00 0.00 100.00
1705417260 15:01:00 14 0.00 0.00 0.00 0.00 0.00 0.00 0.00 0.00 0.00 100.00
1705417260 15:01:00 15 0.00 0.00 0.00 0.00 0.00 0.00 0.00 0.00 0.00 100.00
1705417261
1705417261 15:01:00 CPU %usr %nice %sys %iowait %irq %soft %steal %guest %gnice %idle
1705417261 15:01:01 all 0.06 0.00 0.25 0.00 0.00 0.00 0.00 0.00 0.00 99.69
1705417261 15:01:01 0 0.00 0.00 0.99 0.00 0.00 0.00 0.00 0.00 0.00 99.01
1705417261 15:01:01 1 0.00 0.00 0.00 0.00 0.00 0.00 0.00 0.00 0.00 100.00
1705417261 15:01:01 2 0.00 0.00 0.99 0.00 0.00 0.00 0.00 0.00 0.00 99.01
1705417261 15:01:01 3 0.00 0.00 0.00 0.00 0.00 0.00 0.00 0.00 0.00 100.00
1705417261 15:01:01 4 0.00 0.00 1.00 0.00 0.00 0.00 0.00 0.00 0.00 99.00
1705417261 15:01:01 5 0.00 0.00 0.00 0.00 0.00 0.00 0.00 0.00 0.00 100.00
1705417261 15:01:01 6 0.00 0.00 0.00 0.00 0.00 0.00 0.00 0.00 0.00 100.00
1705417261 15:01:01 7 0.00 0.00 0.00 0.00 0.00 0.00 0.00 0.00 0.00 100.00
1705417261 15:01:01 8 0.00 0.00 0.00 0.00 0.00 0.00 0.00 0.00 0.00 100.00
1705417261 15:01:01 9 0.00 0.00 0.00 0.00 0.00 0.00 0.00 0.00 0.00 100.00
1705417261 15:01:01 10 0.00 0.00 0.00 0.00 0.00 0.00 0.00 0.00 0.00 100.00
1705417261 15:01:01 11 0.00 0.00 0.99 0.00 0.00 0.00 0.00 0.00 0.00 99.01
1705417261 15:01:01 12 0.00 0.00 0.00 0.00 0.00 0.00 0.00 0.00 0.00 100.00
1705417261 15:01:01 13 0.00 0.00 0.99 0.00 0.00 0.00 0.00 0.00 0.00 99.01
1705417261 15:01:01 14 0.00 0.00 0.00 0.00 0.00 0.00 0.00 0.00 0.00 100.00
1705417261 15:01:01 15 0.00 0.00 0.00 0.00 0.00 0.00 0.00 0.00 0.00 100.00
1705417262
1705417262 15:01:01 CPU %usr %nice %sys %iowait %irq %soft %steal %guest %gnice %idle
1705417262 15:01:02 all 0.00 0.00 0.13 0.00 0.00 0.00 0.00 0.00 0.00 99.87
1705417262 15:01:02 0 0.00 0.00 0.00 0.00 0.00 0.00 0.00 0.00 0.00 100.00
1705417262 15:01:02 1 0.00 0.00 0.00 0.00 0.00 0.00 0.00 0.00 0.00 100.00
1705417262 15:01:02 2 0.99 0.00 0.00 0.00 0.00 0.00 0.00 0.00 0.00 99.01
1705417262 15:01:02 3 0.00 0.00 0.00 0.00 0.00 0.00 0.00 0.00 0.00 100.00
1705417262 15:01:02 4 0.00 0.00 0.99 0.00 0.00 0.00 0.00 0.00 0.00 99.01
1705417262 15:01:02 5 0.00 0.00 1.00 0.00 0.00 0.00 0.00 0.00 0.00 99.00
1705417262 15:01:02 6 0.00 0.00 0.00 0.00 0.00 0.00 0.00 0.00 0.00 100.00
1705417262 15:01:02 7 0.00 0.00 0.00 0.00 0.00 0.00 0.00 0.00 0.00 100.00
1705417262 15:01:02 8 0.00 0.00 1.00 0.00 0.00 0.00 0.00 0.00 0.00 99.00
1705417262 15:01:02 9 0.00 0.00 0.00 0.00 0.00 0.00 0.00 0.00 0.00 100.00
1705417262 15:01:02 10 0.00 0.00 0.00 0.00 0.00 0.00 0.00 0.00 0.00 100.00
1705417262 15:01:02 11 0.00 0.00 0.00 0.00 0.00 0.00 0.00 0.00 0.00 100.00
1705417262 15:01:02 12 0.00 0.00 0.00 0.00 0.00 0.00 0.00 0.00 0.00 100.00
1705417262 15:01:02 13 0.00 0.00 0.00 0.00 0.00 0.00 0.00 0.00 0.00 100.00
1705417262 15:01:02 14 0.00 0.00 0.00 0.00 0.00 0.00 0.00 0.00 0.00 100.00
1705417262 15:01:02 15 0.00 0.00 0.00 0.00 0.00 0.00 0.00 0.00 0.00 100.00
1705417263
1705417263 15:01:02 CPU %usr %nice %sys %iowait %irq %soft %steal %guest %gnice %idle
1705417263 15:01:03 all 0.12 0.00 0.12 0.00 0.00 0.00 0.00 0.00 0.00 99.75
1705417263 15:01:03 0 0.00 0.00 0.00 0.00 0.00 0.00 0.00 0.00 0.00 100.00
1705417263 15:01:03 1 0.00 0.00 0.00 0.00 0.00 0.00 0.00 0.00 0.00 100.00
1705417263 15:01:03 2 0.00 0.00 0.00 0.00 0.00 0.00 0.00 0.00 0.00 100.00
1705417263 15:01:03 3 0.00 0.00 0.00 0.00 0.00 0.00 0.00 0.00 0.00 100.00
1705417263 15:01:03 4 0.00 0.00 0.99 0.00 0.00 0.00 0.00 0.00 0.00 99.01
1705417263 15:01:03 5 0.00 0.00 0.00 0.00 0.00 0.00 0.00 0.00 0.00 100.00
1705417263 15:01:03 6 0.00 0.00 0.00 0.00 0.00 0.00 0.00 0.00 0.00 100.00
1705417263 15:01:03 7 0.00 0.00 0.00 0.00 0.00 0.00 0.00 0.00 0.00 100.00
1705417263 15:01:03 8 0.00 0.00 0.00 0.00 0.00 0.00 0.00 0.00 0.00 100.00
1705417263 15:01:03 9 0.00 0.00 0.00 0.00 0.00 0.00 0.00 0.00 0.00 100.00
1705417263 15:01:03 10 0.00 0.00 0.00 0.00 0.00 0.00 0.00 0.00 0.00 100.00
1705417263 15:01:03 11 0.00 0.00 0.00 0.00 0.00 0.00 0.00 0.00 0.00 100.00
1705417263 15:01:03 12 0.00 0.00 0.00 0.00 0.00 0.00 0.00 0.00 0.00 100.00
1705417263 15:01:03 13 0.00 0.00 0.00 0.00 0.00 0.00 0.00 0.00 0.00 100.00
1705417263 15:01:03 14 0.00 0.00 0.00 0.00 0.00 0.00 0.00 0.00 0.00 100.00
1705417263 15:01:03 15 0.00 0.00 0.00 0.00 0.00 0.00 0.00 0.00 0.00 100.00
1705417264
1705417264 15:01:03 CPU %usr %nice %sys %iowait %irq %soft %steal %guest %gnice %idle
1705417264 15:01:04 all 0.00 0.00 0.19 0.00 0.00 0.00 0.00 0.00 0.00 99.81
1705417264 15:01:04 0 0.00 0.00 0.00 0.00 0.00 0.00 0.00 0.00 0.00 100.00
1705417264 15:01:04 1 0.00 0.00 0.00 0.00 0.00 0.00 0.00 0.00 0.00 100.00
1705417264 15:01:04 2 0.00 0.00 0.00 0.00 0.00 0.00 0.00 0.00 0.00 100.00
1705417264 15:01:04 3 0.00 0.00 0.00 0.00 0.00 0.00 0.00 0.00 0.00 100.00
1705417264 15:01:04 4 0.00 0.00 1.00 0.00 0.00 0.00 0.00 0.00 0.00 99.00
1705417264 15:01:04 5 0.00 0.00 0.99 0.00 0.00 0.00 0.00 0.00 0.00 99.01
1705417264 15:01:04 6 0.00 0.00 0.00 0.00 0.00 0.00 0.00 0.00 0.00 100.00
1705417264 15:01:04 7 0.00 0.00 0.00 0.00 0.00 0.00 0.00 0.00 0.00 100.00
1705417264 15:01:04 8 0.00 0.00 0.00 0.00 0.00 0.00 0.00 0.00 0.00 100.00
1705417264 15:01:04 9 0.00 0.00 0.00 0.00 0.00 0.00 0.00 0.00 0.00 100.00
1705417264 15:01:04 10 0.00 0.00 0.00 0.00 0.00 0.00 0.00 0.00 0.00 100.00
1705417264 15:01:04 11 0.00 0.00 0.00 0.00 0.00 0.00 0.00 0.00 0.00 100.00
1705417264 15:01:04 12 0.00 0.00 0.00 0.00 0.00 0.00 0.00 0.00 0.00 100.00
1705417264 15:01:04 13 0.00 0.00 0.00 0.00 0.00 0.00 0.00 0.00 0.00 100.00
1705417264 15:01:04 14 0.00 0.00 0.00 0.00 0.00 0.00 0.00 0.00 0.00 100.00
1705417264 15:01:04 15 0.00 0.00 0.00 0.00 0.00 0.00 0.00 0.00 0.00 100.00
1705417265
1705417265 15:01:04 CPU %usr %nice %sys %iowait %irq %soft %steal %guest %gnice %idle
1705417265 15:01:05 all 0.06 0.00 0.12 0.00 0.00 0.00 0.00 0.00 0.00 99.81
1705417265 15:01:05 0 0.00 0.00 0.00 0.00 0.00 0.00 0.00 0.00 0.00 100.00
1705417265 15:01:05 1 0.00 0.00 0.00 0.00 0.00 0.00 0.00 0.00 0.00 100.00
1705417265 15:01:05 2 0.00 0.00 0.00 0.00 0.00 0.00 0.00 0.00 0.00 100.00
1705417265 15:01:05 3 0.00 0.00 0.00 0.00 0.00 0.00 0.00 0.00 0.00 100.00
1705417265 15:01:05 4 0.00 0.00 0.00 0.00 0.00 0.00 0.00 0.00 0.00 100.00
1705417265 15:01:05 5 0.00 0.00 1.00 0.00 0.00 0.00 0.00 0.00 0.00 99.00
1705417265 15:01:05 6 0.00 0.00 0.00 0.00 0.00 0.00 0.00 0.00 0.00 100.00
1705417265 15:01:05 7 0.00 0.00 0.00 0.00 0.00 0.00 0.00 0.00 0.00 100.00
1705417265 15:01:05 8 0.00 0.00 0.00 0.00 0.00 0.00 0.00 0.00 0.00 100.00
1705417265 15:01:05 9 0.00 0.00 0.00 0.00 0.00 0.00 0.00 0.00 0.00 100.00
1705417265 15:01:05 10 0.00 0.00 0.00 0.00 0.00 0.00 0.00 0.00 0.00 100.00
1705417265 15:01:05 11 0.99 0.00 0.00 0.00 0.00 0.00 0.00 0.00 0.00 99.01
1705417265 15:01:05 12 0.00 0.00 0.00 0.00 0.00 0.00 0.00 0.00 0.00 100.00
1705417265 15:01:05 13 0.99 0.00 0.00 0.00 0.00 0.00 0.00 0.00 0.00 99.01
1705417265 15:01:05 14 0.00 0.00 0.00 0.00 0.00 0.00 0.00 0.00 0.00 100.00
1705417265 15:01:05 15 0.00 0.00 0.00 0.00 0.00 0.00 0.00 0.00 0.00 100.00
1705417266
1705417266 15:01:05 CPU %usr %nice %sys %iowait %irq %soft %steal %guest %gnice %idle
1705417266 15:01:06 all 0.06 0.00 0.13 0.00 0.00 0.00 0.00 0.00 0.00 99.81
1705417266 15:01:06 0 0.00 0.00 0.00 0.00 0.00 0.00 0.00 0.00 0.00 100.00
1705417266 15:01:06 1 0.00 0.00 0.00 0.00 0.00 0.00 0.00 0.00 0.00 100.00
1705417266 15:01:06 2 0.00 0.00 0.00 0.00 0.00 0.00 0.00 0.00 0.00 100.00
1705417266 15:01:06 3 0.98 0.00 0.98 0.00 0.00 0.00 0.00 0.00 0.00 98.04
1705417266 15:01:06 4 0.00 0.00 0.00 0.00 0.00 0.00 0.00 0.00 0.00 100.00
1705417266 15:01:06 5 0.00 0.00 1.00 0.00 0.00 0.00 0.00 0.00 0.00 99.00
1705417266 15:01:06 6 0.00 0.00 0.00 0.00 0.00 0.00 0.00 0.00 0.00 100.00
1705417266 15:01:06 7 0.00 0.00 0.00 0.00 0.00 0.00 0.00 0.00 0.00 100.00
1705417266 15:01:06 8 0.00 0.00 0.99 0.00 0.00 0.00 0.00 0.00 0.00 99.01
1705417266 15:01:06 9 0.00 0.00 0.00 0.00 0.00 0.00 0.00 0.00 0.00 100.00
1705417266 15:01:06 10 0.00 0.00 0.00 0.00 0.00 0.00 0.00 0.00 0.00 100.00
1705417266 15:01:06 11 0.00 0.00 0.00 0.00 0.00 0.00 0.00 0.00 0.00 100.00
1705417266 15:01:06 12 0.00 0.00 0.00 0.00 0.00 0.00 0.00 0.00 0.00 100.00
1705417266 15:01:06 13 0.00 0.00 0.00 0.00 0.00 0.00 0.00 0.00 0.00 100.00
1705417266 15:01:06 14 0.00 0.00 0.00 0.00 0.00 0.00 0.00 0.00 0.00 100.00
1705417266 15:01:06 15 0.00 0.00 0.00 0.00 0.00 0.00 0.00 0.00 0.00 100.00
1705417267
1705417267 15:01:06 CPU %usr %nice %sys %iowait %irq %soft %steal %guest %gnice %idle
1705417267 15:01:07 all 0.06 0.00 0.12 0.00 0.00 0.00 0.00 0.00 0.00 99.81
1705417267 15:01:07 0 0.00 0.00 0.00 0.00 0.00 0.00 0.00 0.00 0.00 100.00
1705417267 15:01:07 1 0.00 0.00 0.00 0.00 0.00 0.00 0.00 0.00 0.00 100.00
1705417267 15:01:07 2 0.00 0.00 0.00 0.00 0.00 0.00 0.00 0.00 0.00 100.00
1705417267 15:01:07 3 0.00 0.00 0.99 0.00 0.00 0.00 0.00 0.00 0.00 99.01
1705417267 15:01:07 4 0.00 0.00 0.00 0.00 0.00 0.00 0.00 0.00 0.00 100.00
1705417267 15:01:07 5 0.00 0.00 0.00 0.00 0.00 0.00 0.00 0.00 0.00 100.00
1705417267 15:01:07 6 0.00 0.00 0.00 0.00 0.00 0.00 0.00 0.00 0.00 100.00
1705417267 15:01:07 7 0.00 0.00 0.00 0.00 0.00 0.00 0.00 0.00 0.00 100.00
1705417267 15:01:07 8 0.99 0.00 0.00 0.00 0.00 0.00 0.00 0.00 0.00 99.01
1705417267 15:01:07 9 0.00 0.00 0.00 0.00 0.00 0.00 0.00 0.00 0.00 100.00
1705417267 15:01:07 10 0.00 0.00 0.99 0.00 0.00 0.00 0.00 0.00 0.00 99.01
1705417267 15:01:07 11 0.00 0.00 0.00 0.00 0.00 0.00 0.00 0.00 0.00 100.00
1705417267 15:01:07 12 0.00 0.00 0.99 0.00 0.00 0.00 0.00 0.00 0.00 99.01
1705417267 15:01:07 13 0.00 0.00 0.00 0.00 0.00 0.00 0.00 0.00 0.00 100.00
1705417267 15:01:07 14 0.00 0.00 0.00 0.00 0.00 0.00 0.00 0.00 0.00 100.00
1705417267 15:01:07 15 0.00 0.00 0.00 0.00 0.00 0.00 0.00 0.00 0.00 100.00
